1
50 1
0 712 326 63 63 912 109 999999 999999 151 999999 389 999999 999999 999999 999999 999999 999999 467 47 361 726 820 132 730 999999 999999 999999 999999 616 445 538 13 999999 999999 144 446 146 777 999999 999999 999999 999999 999999 999999 116 999999 999999 999999 999999
553 0 999999 999999 999999 924 888 511 869 999999 85 999999 197 516 302 959 999999 999999 400 999999 999999 185 999999 130 999999 552 999999 688 999999 999999 999999 999999 711 941 999999 999999 648 685 999999 208 936 999999 851 783 999999 402 999999 339 999999 903
244 168 0 962 999999 699 999999 999999 473 358 307 999999 929 441 897 946 533 999999 716 201 999999 999999 999999 3 999999 999999 999999 999999 293 200 967 908 999999 999999 162 999999 63 999999 216 630 999999 999999 933 613 999999 999999 999999 598 462 340
904 605 999999 0 999999 999999 999999 999999 999999 481 891 999999 403 999999 999999 759 705 650 999999 946 999999 999999 999999 519 999999 999999 149 243 999999 999999 999999 999999 999999 613 999999 17 999999 497 999999 999999 820 999999 783 999999 999999 999999 999999 973 853 999999
29 162 999999 581 0 102 209 999999 999999 999999 999999 537 999999 144 999999 517 181 246 999999 390 999999 459 999999 999999 999999 999999 999999 999999 177 453 999999 999999 889 805 999999 827 999999 999999 999999 720 349 999999 999999 263 999999 999999 999999 999999 999999 999999
999999 999999 936 999999 747 0 999999 180 249 90 999999 567 898 693 351 999999 717 152 999999 314 868 999999 55 49 493 616 999999 297 999999 999999 999999 999999 961 393 476 991 999999 999999 817 682 999999 999999 478 999999 640 999999 999999 913 530 999999
999999 26 755 999999 942 999999 0 999999 999999 999999 999999 999999 581 122 999999 999999 299 999999 999999 999999 999999 705 999999 999999 999999 774 999999 5 999999 305 581 516 561 245 990 999999 999999 999999 999999 999999 999999 900 265 999999 999999 661 999999 999999 999999 999999
999999 999999 500 999999 999999 914 766 0 141 999999 999999 999999 734 999999 771 963 851 672 423 999999 896 829 846 946 999999 763 474 350 301 999999 521 999999 999999 225 571 999999 212 646 999999 999999 999999 999999 999999 999999 659 132 26 999999 999999 999999
926 999999 553 999999 237 428 728 999999 0 999999 999999 999999 999999 999999 34 999999 999999 999999 999999 999999 763 999999 999999 583 999999 376 963 999999 999999 999999 32 999999 123 98 593 988 999999 999999 999999 57 999999 3 999999 993 827 999999 59 999999 93 12
14 999999 999999 999999 348 999999 72 902 675 0 999999 999999 797 999999 999999 999999 999999 999999 999999 890 999999 872 326 768 743 704 999999 891 999999 950 859 999999 731 313 649 999999 999999 999999 999999 853 999999 999999 999999 999999 964 999999 999999 569 532 742
157 999999 446 999999 999999 750 3 360 338 999999 0 155 999999 999999 999999 999999 999999 999999 16 130 999999 999999 999999 999999 999999 820 674 129 999999 999999 326 953 999999 219 999999 999999 999999 999999 611 682 833 703 999999 255 783 658 999999 999999 999999 999999
999999 47 999999 999999 558 999999 227 999999 999999 884 853 0 990 999999 961 812 326 999999 756 999999 679 999999 999999 999999 999999 374 162 79 435 859 520 841 999999 414 768 999999 999999 999999 999999 955 999999 643 999999 999999 558 374 399 999999 325 999999
999999 4 999999 999999 999999 385 10 737 999999 852 999999 999999 0 679 336 999999 990 211 999999 999999 999999 838 168 957 999999 600 999999 999999 754 615 999999 999999 690 416 463 999999 302 77 918 95 207 810 448 742 999999 999999 999999 270 999999 818
83 999999 999999 999999 999999 999999 999999 999999 738 999999 999999 999999 498 0 67 999999 880 960 841 864 999999 85 999999 999999 999999 847 999999 672 700 999999 999999 999999 511 999999 999999 999999 826 488 999999 999999 452 313 999999 490 435 999999 999999 999999 999999 403
145 999999 999999 273 464 999999 999999 338 39 999999 953 999999 999999 999999 0 286 999999 999999 791 999999 632 880 223 999999 900 999999 999999 999999 413 999999 999999 713 999999 725 132 364 999999 72 834 999999 999999 999999 573 816 62 999999 905 495 999999 999999
999999 714 33 225 193 541 61 999999 999999 597 598 999999 189 999999 999999 0 999999 999999 999999 999999 463 370 999999 999999 999999 770 832 556 999999 999999 894 999999 999999 999999 908 999999 579 81 906 631 999999 33 999999 844 999999 334 955 144 701 999999
754 794 999999 999999 999999 999999 827 999999 110 999999 347 278 666 999999 999999 308 0 999999 999999 188 999999 880 147 999999 253 486 999999 593 885 999999 999999 109 999999 421 377 562 673 878 999999 999999 999999 999999 613 799 622 999999 999999 999999 75 530
390 999999 999999 999999 358 999999 690 999999 88 999999 489 999999 999999 969 465 999999 184 0 10 999999 527 999999 84 731 999999 725 999999 505 999999 999999 999999 999999 999999 999999 44 999999 999999 999999 999999 939 315 999999 999999 345 999999 999999 999999 862 736 999999
999999 242 999999 999999 135 999999 999999 999999 999999 999999 623 345 999999 999999 542 999999 380 482 0 514 999999 592 999999 311 817 999999 999999 999999 474 999999 999999 999999 999999 999999 999999 987 999999 999999 999999 999999 999999 565 999999 452 770 462 638 290 295 999999
999999 999999 125 999999 412 999999 658 383 999999 305 999999 182 431 330 999999 999999 789 999999 226 0 105 999999 230 268 999999 999999 364 38 609 999999 299 861 999999 574 999999 207 999999 999999 313 999999 999999 999999 999999 999999 188 999999 607 999999 551 148
980 847 999999 396 999999 999999 699 293 999999 978 999999 999999 999999 581 999999 999999 999999 744 649 999999 0 999999 47 999999 999999 999999 999999 354 281 999999 999999 104 485 239 999999 999999 574 999999 999999 999999 999999 999999 999999 999999 999999 999999 999999 999999 725 999999
999999 204 999999 64 164 273 999999 999999 999999 525 999999 22 291 999999 999999 908 439 485 346 999999 192 0 803 999999 866 999999 401 999999 999999 863 990 490 999999 960 999999 999999 999999 999999 46 999999 630 999999 999999 456 392 999999 883 744 907 723
999999 999999 999999 999999 128 236 999999 999999 73 964 999999 999999 278 168 343 985 999999 621 368 781 915 343 0 89 999999 617 999999 947 458 598 239 269 648 40 999999 999999 381 999999 999999 999999 755 999999 421 34 999999 557 999999 999999 425 279
999999 999999 999999 696 999999 999999 446 467 493 674 522 852 818 999999 999999 574 417 999999 587 999999 999999 999999 421 0 999999 824 563 620 831 236 999999 999999 999999 999999 179 472 783 999999 933 999999 905 183 689 302 619 999999 999999 839 978 301
999999 999999 999999 799 620 999999 999999 999999 371 406 999999 999999 999999 999999 987 898 999999 999999 704 999999 111 999999 865 823 0 187 267 999999 999999 999999 999999 11 999999 999999 150 178 999999 531 272 999999 999999 999999 904 999999 204 999999 56 304 949 999999
232 999999 536 999999 999999 378 212 999999 999999 845 607 999999 762 999999 884 999999 999999 999999 591 729 999999 194 999999 999999 999999 0 999999 343 131 999999 870 535 999999 999999 550 999999 999999 421 999999 136 999999 401 839 999999 991 366 999999 999999 588 916
237 254 999999 324 999999 56 999999 999999 999999 153 999999 586 845 999999 999999 47 496 999999 999999 294 999999 999999 423 999999 999999 999999 0 999999 57 59 61 999999 999999 999999 999999 243 2 999999 999999 999999 999999 187 999999 696 999999 999999 618 999999 999999 550
658 86 119 435 614 423 999999 999999 999999 999999 765 738 177 175 999999 999999 383 999999 959 728 553 616 999999 879 581 999999 182 0 938 999999 118 999999 999999 175 999999 999999 999999 999999 395 999999 780 441 81 744 999999 130 999999 763 33 999999
443 973 635 227 80 934 549 199 893 999999 999999 999999 300 999999 999999 338 999999 653 999999 999999 999999 951 999999 249 999999 257 636 999999 0 666 999999 445 999999 999999 999999 525 83 392 999999 49 999999 999999 418 177 999999 456 999999 8 999999 999999
999999 999999 999999 220 746 999999 999999 923 702 999999 932 93 999999 196 999999 500 999999 368 743 999999 932 999999 525 999999 592 999999 974 557 999999 0 273 999999 999999 999999 612 718 999999 999999 741 999999 999999 677 661 999999 999999 999999 691 787 599 999999
883 18 999999 999999 999999 687 999999 999999 999999 15 347 999999 999999 999999 11 737 502 432 999999 637 999999 79 999999 8 885 426 886 227 999999 988 0 736 999999 999999 500 116 999999 243 999999 999999 999999 252 366 148 323 905 780 52 999999 999999
