0 135 172 63 63 165 109 345 253 151 220 229 262 207 214 259 244 309 236 47 152 282 199 132 497 497 212 85 240 271 203 256 13 239 311 80 214 146 328 289 412 256 166 233 235 116 312 248 118 195 
240 0 212 249 236 331 88 445 261 226 85 207 197 210 222 322 387 408 101 215 320 185 365 130 640 552 275 93 332 334 211 424 253 268 309 266 275 274 231 208 404 264 174 340 284 223 320 263 126 273 
244 168 0 307 307 409 256 470 407 358 253 293 365 378 368 468 420 553 269 201 306 353 353 3 673 550 421 239 293 200 357 410 257 393 162 324 63 390 216 342 572 186 320 305 389 360 466 301 272 304 
239 228 229 0 286 205 257 385 260 225 313 301 385 379 221 196 467 357 329 286 391 289 260 218 698 463 149 243 206 208 210 495 252 300 353 17 151 277 335 255 592 229 324 294 283 355 319 214 276 272 
29 162 201 92 0 102 138 282 230 180 247 251 291 144 211 288 181 246 256 76 181 229 157 151 434 434 241 114 177 300 232 285 42 197 290 109 243 175 275 226 349 233 195 191 264 145 289 185 147 224 
104 178 276 167 167 0 162 180 128 90 263 261 333 223 162 363 336 152 162 151 256 239 55 49 493 504 316 167 344 285 160 324 117 95 196 184 318 234 285 185 467 131 248 89 224 220 187 212 200 140 
152 26 124 215 215 243 0 423 173 138 111 224 182 122 134 234 299 393 127 199 304 202 298 127 552 501 187 5 244 246 123 408 165 180 266 232 187 206 248 230 389 176 86 271 196 135 232 175 38 185 
202 191 374 265 265 367 260 0 141 188 276 274 388 382 175 461 446 511 292 249 354 252 398 181 699 517 414 265 301 417 173 458 215 225 307 282 212 247 298 198 595 144 346 321 237 132 26 225 234 153 
61 50 233 124 124 226 119 372 0 47 135 133 247 241 34 320 305 370 151 108 213 111 257 40 558 376 273 124 301 276 32 317 74 98 166 141 275 106 157 57 454 3 205 180 96 177 59 84 93 12 
14 98 186 77 77 179 72 359 245 0 183 243 254 194 206 273 258 323 199 61 166 274 213 146 511 511 226 77 254 285 195 270 27 252 325 94 228 160 320 302 426 248 158 247 249 130 304 247 110 209 
155 29 127 218 151 246 3 360 176 141 0 155 185 125 137 237 302 396 16 130 235 205 282 130 555 504 190 8 247 249 126 339 168 183 269 235 190 209 251 233 392 179 89 255 199 138 235 178 41 188 
226 47 198 289 283 218 135 398 247 212 132 0 244 254 208 209 326 370 148 262 367 232 273 177 579 374 162 79 219 221 197 435 239 254 340 306 164 280 278 255 451 242 160 307 270 209 306 227 112 259 
162 4 134 225 225 253 10 433 183 148 89 211 0 132 144 244 309 211 105 209 314 189 168 134 562 511 197 15 254 256 133 418 175 190 255 242 197 77 235 95 207 186 96 202 206 145 242 185 48 195 
83 154 255 146 146 248 192 405 106 153 239 107 345 0 67 316 327 392 255 130 235 85 282 146 580 481 269 168 323 328 138 339 96 204 199 163 271 139 131 163 452 109 249 286 129 199 165 190 199 118 
100 89 272 163 163 265 158 338 39 86 174 172 286 280 0 286 344 409 190 147 252 150 223 79 597 415 312 163 340 315 71 356 113 137 132 180 314 72 196 96 493 42 244 219 62 216 98 123 132 51 
213 87 33 225 193 295 61 475 234 199 172 285 189 183 195 0 360 400 188 234 339 263 350 36 613 562 248 66 305 233 184 443 226 241 195 242 96 81 249 284 396 33 147 332 257 196 293 144 99 246 
171 160 313 234 234 336 229 482 110 157 245 243 357 315 144 308 0 480 261 188 293 221 147 150 253 440 383 226 411 386 142 109 184 187 276 251 376 216 267 167 564 113 307 181 206 287 169 194 75 122 
149 138 321 212 145 247 207 427 88 135 223 221 335 252 122 408 184 0 10 196 301 199 84 128 437 464 361 212 322 364 120 293 162 124 44 229 363 194 245 145 315 91 293 118 184 265 147 172 181 100 
164 242 336 227 135 237 273 417 365 315 327 345 426 279 346 423 316 381 0 211 316 364 292 286 569 569 376 249 312 435 367 420 177 332 425 244 378 310 410 361 484 368 330 326 399 280 424 290 282 359 
185 124 125 248 248 276 212 383 206 171 209 182 215 213 167 267 421 426 225 0 105 235 152 128 619 534 220 38 277 279 156 209 198 192 287 207 188 239 281 263 422 209 119 186 188 168 265 208 71 148 
181 170 353 244 175 277 239 293 120 167 255 253 325 215 154 440 356 421 271 228 0 231 47 136 609 496 393 244 281 372 152 104 194 87 286 261 364 226 277 177 524 123 325 81 216 297 179 204 213 132 
193 69 220 64 164 240 157 420 269 234 154 22 266 276 230 231 345 392 170 240 192 0 239 199 598 396 184 101 241 243 219 296 206 276 362 81 186 302 46 277 473 264 182 273 292 231 328 249 134 281 
134 123 306 197 128 230 192 410 73 120 208 206 278 168 107 393 309 374 224 181 286 184 0 89 562 449 346 197 305 325 105 269 147 40 239 214 348 179 230 130 477 76 278 34 169 250 132 157 166 85 
515 376 527 456 549 547 446 467 493 524 461 329 573 432 499 538 417 604 477 562 667 517 421 0 670 703 491 408 548 236 509 526 528 461 179 472 493 571 563 550 780 183 489 302 561 538 493 556 441 301 
292 281 347 355 286 323 350 404 231 278 366 364 436 326 265 314 467 475 382 339 111 342 158 247 0 187 267 355 318 326 263 11 305 198 150 178 269 337 272 288 635 234 436 192 204 408 56 304 324 243 
232 238 336 258 211 313 212 330 385 350 323 216 394 334 346 425 392 457 339 279 384 194 368 339 645 0 378 217 131 437 335 488 245 392 478 275 214 378 240 136 560 388 298 308 408 347 356 139 250 397 
90 79 80 153 137 56 108 236 111 76 164 152 236 230 72 47 318 208 180 137 242 140 111 69 549 314 0 113 57 59 61 346 103 151 204 170 2 128 186 106 443 80 194 145 134 206 170 65 146 123 
147 86 119 210 210 238 174 418 168 133 171 219 177 175 129 229 383 388 187 194 299 197 293 122 581 496 182 0 239 241 118 403 160 175 261 227 182 201 243 225 384 171 81 266 191 130 227 170 33 180 
109 242 281 172 80 182 218 199 310 260 327 331 300 224 291 338 261 326 336 156 261 309 237 231 514 257 321 194 0 380 312 365 122 277 370 189 83 255 355 49 429 313 275 177 344 225 225 8 227 304 
279 140 291 220 342 311 228 491 302 288 225 93 337 196 263 302 419 368 241 326 431 281 366 270 592 467 255 172 312 0 273 528 292 347 395 237 257 335 327 348 544 305 253 400 325 302 361 320 205 314 
29 18 201 92 92 194 87 349 50 15 103 101 215 209 11 288 273 338 119 76 181 79 228 8 526 426 241 92 269 244 0 285 42 148 143 109 243 83 125 107 422 53 173 148 73 145 109 52 125 62 
999999 999999 999999 999999 999999 999999 999999 999999 999999 999999 999999 999999 999999 999999 999999 999999 999999 999999 999999 999999 999999 999999 999999 999999 999999 999999 999999 999999 999999 999999 999999 0 999999 999999 999999 999999 999999 999999 999999 999999 999999 999999 999999 999999 999999 999999 999999 999999 999999 999999 
999999 999999 999999 999999 999999 999999 999999 999999 999999 999999 999999 999999 999999 999999 999999 999999 999999 999999 999999 999999 999999 999999 999999 999999 999999 999999 999999 999999 999999 999999 999999 999999 0 999999 999999 999999 999999 999999 999999 999999 999999 999999 999999 999999 999999 999999 999999 999999 999999 999999 
999999 999999 999999 999999 999999 999999 999999 999999 999999 999999 999999 999999 999999 999999 999999 999999 999999 999999 999999 999999 999999 999999 999999 999999 999999 999999 999999 999999 999999 999999 999999 999999 999999 0 999999 999999 999999 999999 999999 999999 999999 999999 999999 999999 999999 999999 999999 999999 999999 999999 
999999 999999 999999 999999 999999 999999 999999 999999 999999 999999 999999 999999 999999 999999 999999 999999 999999 999999 999999 999999 999999 999999 999999 999999 999999 999999 999999 999999 999999 999999 999999 999999 999999 999999 0 999999 999999 999999 999999 999999 999999 999999 999999 999999 999999 999999 999999 999999 999999 999999 
999999 999999 999999 999999 999999 999999 999999 999999 999999 999999 999999 999999 999999 999999 999999 999999 999999 999999 999999 999999 999999 999999 999999 999999 999999 999999 999999 999999 999999 999999 999999 999999 999999 999999 999999 0 999999 999999 999999 999999 999999 999999 999999 999999 999999 999999 999999 999999 999999 999999 
999999 999999 999999 999999 999999 999999 999999 999999 999999 999999 999999 999999 999999 999999 999999 999999 999999 999999 999999 999999 999999 999999 999999 999999 999999 999999 999999 999999 999999 999999 999999 999999 999999 999999 999999 999999 0 999999 999999 999999 999999 999999 999999 999999 999999 999999 999999 999999 999999 999999 
999999 999999 999999 999999 999999 999999 999999 999999 999999 999999 999999 999999 999999 999999 999999 999999 999999 999999 999999 999999 999999 999999 999999 999999 999999 999999 999999 999999 999999 999999 999999 999999 999999 999999 999999 999999 999999 0 999999 999999 999999 999999 999999 999999 999999 999999 999999 999999 999999 999999 
999999 999999 999999 999999 999999 999999 999999 999999 999999 999999 999999 999999 999999 999999 999999 999999 999999 999999 999999 999999 999999 999999 999999 999999 999999 999999 999999 999999 999999 999999 999999 999999 999999 999999 999999 999999 999999 999999 0 999999 999999 999999 999999 999999 999999 999999 999999 999999 999999 999999 
999999 999999 999999 999999 999999 999999 999999 999999 999999 999999 999999 999999 999999 999999 999999 999999 999999 999999 999999 999999 999999 999999 999999 999999 999999 999999 999999 999999 999999 999999 999999 999999 999999 999999 999999 999999 999999 999999 999999 0 999999 999999 999999 999999 999999 999999 999999 999999 999999 999999 
999999 999999 999999 999999 999999 999999 999999 999999 999999 999999 999999 999999 999999 999999 999999 999999 999999 999999 999999 999999 999999 999999 999999 999999 999999 999999 999999 999999 999999 999999 999999 999999 999999 999999 999999 999999 999999 999999 999999 999999 0 999999 999999 999999 999999 999999 999999 999999 999999 999999 
999999 999999 999999 999999 999999 999999 999999 999999 999999 999999 999999 999999 999999 999999 999999 999999 999999 999999 999999 999999 999999 999999 999999 999999 999999 999999 999999 999999 999999 999999 999999 999999 999999 999999 999999 999999 999999 999999 999999 999999 999999 0 999999 999999 999999 999999 999999 999999 999999 999999 
999999 999999 999999 999999 999999 999999 999999 999999 999999 999999 999999 999999 999999 999999 999999 999999 999999 999999 999999 999999 999999 999999 999999 999999 999999 999999 999999 999999 999999 999999 999999 999999 999999 999999 999999 999999 999999 999999 999999 999999 999999 999999 0 999999 999999 999999 999999 999999 999999 999999 
999999 999999 999999 999999 999999 999999 999999 999999 999999 999999 999999 999999 999999 999999 999999 999999 999999 999999 999999 999999 999999 999999 999999 999999 999999 999999 999999 999999 999999 999999 999999 999999 999999 999999 999999 999999 999999 999999 999999 999999 999999 999999 999999 0 999999 999999 999999 999999 999999 999999 
999999 999999 999999 999999 999999 999999 999999 999999 999999 999999 999999 999999 999999 999999 999999 999999 999999 999999 999999 999999 999999 999999 999999 999999 999999 999999 999999 999999 999999 999999 999999 999999 999999 999999 999999 999999 999999 999999 999999 999999 999999 999999 999999 999999 0 999999 999999 999999 999999 999999 
999999 999999 999999 999999 999999 999999 999999 999999 999999 999999 999999 999999 999999 999999 999999 999999 999999 999999 999999 999999 999999 999999 999999 999999 999999 999999 999999 999999 999999 999999 999999 999999 999999 999999 999999 999999 999999 999999 999999 999999 999999 999999 999999 999999 999999 0 999999 999999 999999 999999 
999999 999999 999999 999999 999999 999999 999999 999999 999999 999999 999999 999999 999999 999999 999999 999999 999999 999999 999999 999999 999999 999999 999999 999999 999999 999999 999999 999999 999999 999999 999999 999999 999999 999999 999999 999999 999999 999999 999999 999999 999999 999999 999999 999999 999999 999999 0 999999 999999 999999 
999999 999999 999999 999999 999999 999999 999999 999999 999999 999999 999999 999999 999999 999999 999999 999999 999999 999999 999999 999999 999999 999999 999999 999999 999999 999999 999999 999999 999999 999999 999999 999999 999999 999999 999999 999999 999999 999999 999999 999999 999999 999999 999999 999999 999999 999999 999999 0 999999 999999 
999999 999999 999999 999999 999999 999999 999999 999999 999999 999999 999999 999999 999999 999999 999999 999999 999999 999999 999999 999999 999999 999999 999999 999999 999999 999999 999999 999999 999999 999999 999999 999999 999999 999999 999999 999999 999999 999999 999999 999999 999999 999999 999999 999999 999999 999999 999999 999999 0 999999 
999999 999999 999999 999999 999999 999999 999999 999999 999999 999999 999999 999999 999999 999999 999999 999999 999999 999999 999999 999999 999999 999999 999999 999999 999999 999999 999999 999999 999999 999999 999999 999999 999999 999999 999999 999999 999999 999999 999999 999999 999999 999999 999999 999999 999999 999999 999999 999999 999999 0 
0.015782 