1
50 1
0 285 3 780 173 690 815 290 673 288 307 945 566 730 195 764 125 479 319 390 561 63 909 754 187 522 746 97 674 500 435 86 999999 369 384 701 588 800 348 769 811 647 569 953 199 560 999999 999999 91 883
328 0 603 293 180 655 809 986 423 740 202 958 988 999999 532 640 303 102 949 645 965 818 234 107 80 531 276 777 654 999999 54 776 8 323 923 285 349 695 992 538 468 307 415 633 260 156 481 674 575 663
934 666 0 451 857 727 976 746 740 824 411 431 765 167 553 517 994 85 6 773 889 920 864 342 721 748 320 999999 118 336 887 447 101 182 814 926 629 471 141 730 866 999 708 17 749 796 226 517 44 9
590 961 15 0 979 654 929 160 365 520 831 794 268 790 942 610 547 999999 200 138 901 562 343 465 13 467 999999 465 817 515 653 581 870 457 839 351 463 382 98 572 558 155 972 316 934 987 601 570 268 59
400 2 879 785 0 606 157 999999 584 949 423 480 361 186 922 773 999999 310 495 977 128 422 379 809 487 610 825 456 220 164 509 785 732 595 705 955 2 651 817 651 999999 838 775 56 921 485 866 887 11 653
383 574 561 298 102 0 105 770 857 125 433 59 109 937 556 589 500 714 577 180 982 91 71 523 672 167 318 536 999999 24 761 734 614 148 228 731 348 793 562 375 820 86 729 467 854 71 269 394 597 965
761 940 228 722 67 237 0 194 104 112 233 151 843 710 266 380 90 89 923 708 98 84 714 786 719 437 657 999999 172 450 98 999999 850 854 899 799 507 697 723 759 544 15 433 308 24 481 893 831 490 98
187 739 84 510 108 931 432 0 277 764 543 999999 571 881 641 653 537 359 458 218 934 179 386 147 235 265 660 792 729 866 310 698 437 316 999999 891 4 628 999999 222 310 933 436 137 370 933 671 166 495 126
277 555 524 757 907 626 780 746 0 98 189 300 223 439 618 596 893 149 106 831 943 163 99 490 930 129 94 396 774 999999 407 680 470 692 629 976 183 785 277 339 968 529 999999 962 883 420 189 184 879 191
149 616 541 755 214 639 552 548 618 0 671 999999 234 268 904 750 999999 716 204 445 775 953 262 200 256 904 669 218 734 300 75 988 162 639 710 952 858 25 461 29 1 153 239 344 533 114 649 1 896 226
819 996 271 881 519 748 324 643 577 124 0 787 999999 999999 186 8 140 244 342 210 312 497 913 999999 648 932 319 642 999999 923 795 248 377 276 715 461 330 221 411 598 425 448 587 999999 196 232 999999 28 157 551
507 456 79 999999 998 895 890 615 67 49 331 0 56 796 653 998 987 133 3 109 308 894 635 989 388 980 745 145 467 328 408 522 614 590 764 77 557 999999 945 699 73 103 999999 672 867 8 108 25 575 819
583 997 999999 385 705 338 493 803 67 698 396 311 0 825 104 527 653 661 470 37 984 170 240 745 972 572 582 113 303 156 574 685 527 791 718 256 331 712 272 554 296 678 999999 942 296 315 620 999999 176 40
276 242 358 89 220 400 999999 918 635 982 201 940 866 0 999999 241 796 688 612 545 245 699 948 117 302 608 170 897 222 993 733 843 154 627 11 183 942 145 398 620 436 90 770 925 479 999999 202 508 996 777
468 543 241 637 681 491 12 562 631 204 51 899 254 827 0 812 969 164 330 533 404 989 621 47 672 994 945 239 941 701 401 966 754 636 458 438 899 642 536 999999 42 376 461 62 974 55 55 594 727 493
219 852 760 980 423 895 748 140 436 882 424 870 538 513 861 0 100 226 510 308 861 205 362 9 730 973 129 97 136 989 999999 619 683 712 418 422 549 132 752 295 580 430 999999 253 400 27 505 886 133 438
37 560 622 423 597 702 111 599 315 39 470 999999 509 974 243 357 0 23 32 575 977 170 402 354 21 218 999999 388 870 436 46 30 536 685 654 227 235 943 653 947 130 999999 232 182 272 706 411 875 824 830
811 165 637 363 796 530 897 899 851 476 999999 219 894 21 728 381 380 0 757 724 205 404 729 835 513 309 820 447 992 788 790 453 620 696 945 583 89 419 190 526 206 480 863 25 533 727 488 148 178 865
959 148 643 864 129 30 520 216 309 530 695 814 534 109 178 482 892 277 0 385 798 687 825 525 920 90 586 782 811 322 924 662 241 735 830 198 639 953 671 310 71 944 89 356 738 807 970 927 576 701
600 872 999999 768 878 168 295 76 527 663 999999 913 993 348 933 51 752 283 965 0 343 30 309 657 952 96 404 116 999999 104 348 4 778 301 474 908 219 752 144 999999 860 458 318 422 224 162 25 511 660 996
597 759 180 358 123 568 129 248 52 165 90 880 391 999999 846 656 713 425 952 416 0 775 906 653 252 14 449 998 801 174 63 945 739 933 152 578 173 999999 187 834 693 778 192 735 396 201 783 3 896 999999
186 980 511 561 673 803 999999 20 429 475 81 383 473 999999 902 136 991 669 295 38 999999 0 284 575 453 503 885 855 670 247 468 227 881 907 779 83 814 478 906 704 221 617 292 282 478 474 962 408 789 860
831 32 749 74 142 843 988 733 999999 629 94 82 478 955 782 781 646 629 463 792 130 18 0 646 949 278 476 643 358 738 908 902 474 433 709 504 95 999999 289 703 224 253 577 504 999999 692 50 149 484 33
102 755 671 419 645 777 999 569 560 371 285 412 999999 999999 227 970 422 194 749 161 594 124 366 0 633 170 525 956 421 996 186 963 175 405 336 680 596 376 705 361 58 576 731 368 234 907 38 94 999999 470
833 222 621 967 29 426 999999 664 177 107 355 243 77 456 322 186 386 666 373 824 741 874 994 614 0 86 211 127 449 35 117 567 319 854 255 312 152 547 647 392 92 967 55 965 633 349 831 314 336 690
999999 734 759 403 674 430 599 325 999999 799 314 347 702 668 196 46 290 759 999999 57 39 306 918 961 103 0 177 479 341 999999 165 853 616 24 551 407 944 590 523 259 300 66 447 502 277 999999 733 433 999999 392
764 11 524 801 855 857 768 17 123 378 999999 269 333 776 601 891 164 719 31 187 930 731 138 172 728 493 0 443 379 517 999999 71 89 864 689 896 535 105 315 167 584 335 835 538 411 624 923 706 61 473
846 264 238 412 33 319 305 928 522 759 575 527 442 999999 247 807 285 300 272 943 919 594 354 59 831 755 694 0 667 306 164 895 666 38 605 756 726 621 137 186 124 620 218 562 71 362 488 289 36 103
999999 531 563 381 648 362 498 918 197 890 882 432 319 346 869 343 835 794 742 925 800 373 999999 879 182 21 434 667 0 961 515 286 270 147 974 122 718 289 159 282 761 274 494 473 554 398 832 336 106 666
542 999999 243 304 766 260 155 220 938 712 779 523 983 146 870 365 707 372 745 761 277 911 304 659 721 22 318 301 131 0 876 223 660 201 628 557 389 224 555 483 365 704 38 612 278 517 458 514 402 291
354 447 299 460 316 25 789 634 701 698 760 343 482 915 206 602 358 963 440 686 383 802 791 165 732 62 795 645 931 793 0 553 107 985 138 317 665 283 762 1 485 463 230 448 415 104 895 87 999999 139
805 613 917 665 877 566 835 225 397 480 996 821 921 349 250 92 140 912 748 945 479 56 655 587 96 354 743 832 296 270 447 0 132 842 904 381 412 937 219 222 999999 118 946 222 152 869 993 624 995 740
985 26 999999 418 608 889 559 821 214 250 504 108 262 64 999999 999999 669 759 755 756 991 571 999999 491 576 397 999999 415 180 199 742 139 0 999999 101 76 49 256 363 645 731 999999 395 761 902 656 909 266 570 182
455 634 999999 942 955 965 794 915 633 99 543 596 323 267 544 5 999999 206 429 535 696 851 456 780 121 58 908 187 447 859 989 482 279 0 894 200 711 881 751 159 971 954 812 884 574 899 792 814 825 789
984 430 978 845 718 184 542 603 999999 578 952 5 492 527 137 239 392 173 286 804 141 892 364 410 891 999999 883 630 428 485 258 130 999999 315 0 676 923 233 43 697 716 47 850 643 870 327 523 169 372 894
950 278 999999 999999 945 703 908 776 875 393 651 876 542 877 2 588 118 156 767 255 801 703 475 53 122 779 376 309 897 13 943 257 194 838 387 0 814 775 999999 416 500 357 551 329 962 226 456 94 999999 669
850 945 624 791 521 599 479 988 911 762 603 612 993 565 287 898 53 732 924 602 395 456 66 243 941 456 999999 289 721 792 543 317 653 351 941 859 0 981 255 943 999999 249 763 438 593 816 944 828 999999 79
670 523 164 525 156 775 216 100 636 87 202 150 674 938 801 959 171 264 798 958 382 4 696 375 988 739 702 182 656 824 231 899 721 633 771 505 923 0 671 986 390 421 999999 610 627 419 428 862 27 326
739 578 55 763 899 850 338 114 999999 382 474 402 203 672 308 106 80 608 741 755 711 117 350 544 928 441 662 932 379 379 217 245 637 242 938 999999 221 955 0 287 999999 895 70 265 374 999999 821 642 743 934
70 719 866 340 962 298 999999 545 614 507 818 383 207 888 845 470 584 267 539 326 262 769 326 653 886 908 73 999999 890 393 893 822 794 659 794 272 97 296 810 0 727 365 346 752 523 630 912 300 703 496
581 852 997 584 524 161 700 937 480 348 663 547 845 990 262 647 92 172 461 200 851 979 281 999999 799 886 989 276 178 760 163 50 357 905 866 999999 869 934 999999 642 0 723 156 999999 794 403 169 753 923 115
