0 127 3 127 127 39 127 83 127 127 127 98 127 109 127 114 125 88 9 101 124 63 110 123 127 85 127 97 121 63 127 86 104 109 120 127 87 127 127 127 80 125 98 20 127 106 126 123 47 12 
125 0 128 161 109 79 98 145 155 137 137 88 144 72 86 145 110 102 91 173 155 141 123 107 80 116 128 207 188 97 54 140 8 140 83 84 57 162 126 55 128 113 135 127 122 96 141 113 120 136 
124 124 0 124 124 36 124 124 124 124 124 95 124 106 124 111 124 85 6 124 121 124 107 120 124 82 124 124 118 60 124 124 101 106 117 124 124 124 124 124 77 122 95 17 124 103 124 120 44 9 
134 44 15 0 42 51 139 139 139 120 139 110 90 116 130 99 97 100 21 127 109 128 110 108 13 70 139 139 133 48 98 127 52 94 127 128 44 139 98 99 92 136 68 32 139 118 139 112 53 24 
92 2 95 126 0 81 100 106 126 94 126 90 126 74 88 126 55 78 87 124 126 86 68 109 76 118 126 126 126 99 56 85 10 126 85 86 2 119 126 57 95 115 126 56 124 98 118 95 11 81 
177 103 138 145 102 0 105 109 126 108 165 59 109 170 138 75 157 177 62 103 85 89 71 84 149 46 177 172 155 24 148 107 111 70 177 136 104 133 177 137 109 86 62 155 129 67 121 84 113 104 
127 69 130 130 67 123 0 104 104 112 130 126 130 110 130 130 90 89 122 122 98 84 130 130 111 112 130 130 130 130 98 120 77 130 121 130 69 130 130 99 113 15 130 114 24 130 130 101 78 98 
94 102 84 144 107 119 168 0 184 96 164 117 155 101 173 164 57 80 89 126 174 88 70 147 78 135 177 191 198 113 103 87 110 159 112 171 4 121 155 104 97 159 133 101 192 125 120 97 118 83 
197 105 188 173 214 136 203 111 0 98 189 181 214 170 191 158 168 149 106 155 168 117 99 167 185 129 94 214 214 160 159 149 113 153 181 189 115 123 214 127 99 195 195 174 214 185 149 99 150 132 
99 113 102 116 116 100 116 49 116 0 110 116 116 116 114 116 93 116 108 67 116 29 116 116 114 116 102 116 116 116 75 51 116 116 116 112 53 25 116 29 1 116 116 116 116 114 92 1 52 111 
119 140 122 143 138 143 143 143 143 124 0 143 143 143 143 8 108 131 128 143 143 141 143 17 129 143 137 105 143 143 143 125 143 143 143 143 140 140 143 143 75 143 143 139 143 35 55 28 141 131 
123 123 79 123 123 33 91 98 67 49 123 0 56 112 79 108 123 123 3 93 118 78 104 117 123 79 123 123 123 57 123 97 123 103 123 77 102 74 123 78 50 103 92 96 115 8 108 25 101 88 
155 148 155 155 146 155 116 87 67 155 148 155 0 155 104 88 144 155 155 37 155 67 155 97 137 133 155 113 155 141 155 41 155 151 155 150 91 155 155 155 146 131 155 155 140 115 62 155 149 40 
139 133 95 89 131 49 107 114 83 65 139 16 72 0 95 124 134 139 19 109 134 94 120 117 102 95 139 139 139 73 139 113 139 119 11 93 118 90 54 94 66 58 108 112 131 24 124 41 117 104 
139 81 142 142 79 135 12 116 116 124 51 138 142 122 0 59 102 101 134 134 110 96 142 47 123 124 142 142 142 142 110 92 89 142 133 142 81 142 142 111 42 27 142 62 36 55 55 79 90 110 
111 132 114 142 130 142 142 140 142 139 142 142 142 142 142 0 100 123 120 142 142 133 142 9 121 142 129 97 136 142 142 117 140 135 142 142 132 132 142 142 67 142 142 131 142 27 47 103 133 123 
37 52 40 133 50 62 111 88 127 39 149 60 98 44 138 107 0 23 32 106 117 68 118 116 21 78 120 134 155 56 46 30 60 102 55 136 52 64 98 47 40 102 76 48 135 68 131 40 61 49 
140 140 116 110 140 70 128 135 104 86 140 37 93 21 116 140 140 0 40 130 140 115 140 138 123 116 140 140 140 94 140 134 140 140 32 114 89 111 75 115 87 79 129 25 140 45 140 62 138 125 
200 131 168 175 129 30 135 139 156 138 195 89 139 109 168 105 163 186 0 133 115 119 101 114 179 76 204 202 185 54 178 121 139 100 120 166 131 163 163 167 71 116 89 185 159 97 151 114 140 134 
140 131 134 140 129 140 127 50 140 140 111 140 140 140 115 51 107 130 139 0 135 30 120 60 100 96 140 116 140 104 140 4 136 120 140 113 54 140 140 140 118 122 140 140 140 78 25 138 140 133 
118 118 118 118 118 88 118 118 52 118 90 118 118 118 118 43 118 118 118 71 0 101 118 52 117 14 118 118 118 112 63 75 118 38 118 118 118 118 118 64 110 80 118 118 118 70 90 3 118 118 
114 122 104 164 127 139 97 20 178 116 81 137 175 121 85 89 77 100 109 38 157 0 90 98 98 118 178 154 178 96 123 42 130 142 132 83 24 141 175 124 117 112 134 121 121 116 63 109 138 103 
132 32 89 74 116 111 115 38 148 131 94 82 138 104 103 102 95 118 85 56 130 18 0 111 87 136 148 148 148 114 86 60 40 148 115 101 42 148 148 87 132 130 142 106 139 90 50 107 127 33 
102 153 105 153 153 141 153 144 153 153 153 153 153 153 153 153 150 153 111 153 153 124 153 0 153 153 153 153 153 153 153 108 153 153 153 153 148 153 153 153 58 153 153 122 153 153 38 94 149 114 
121 31 124 155 29 110 129 135 144 107 155 119 77 103 117 86 84 107 116 114 96 115 97 95 0 57 155 127 155 35 85 114 39 81 114 115 31 132 155 86 92 123 55 85 153 113 133 99 40 110 
140 134 143 157 132 127 157 107 91 123 129 157 157 157 157 29 129 152 149 57 39 87 157 38 103 0 157 126 157 138 102 61 142 24 157 157 111 148 157 103 96 66 157 157 157 56 76 42 143 152 
111 11 101 161 120 61 109 17 123 113 148 99 155 83 97 136 74 97 31 143 146 105 87 118 91 107 0 176 176 85 65 71 19 131 94 95 21 105 137 66 102 124 120 118 133 107 137 114 61 100 
125 35 128 151 33 114 133 139 151 127 151 123 151 107 121 43 88 111 120 151 135 119 101 52 109 96 151 0 151 132 89 118 43 38 118 119 35 151 137 90 110 148 151 89 71 70 90 128 36 103 
161 155 164 178 153 148 136 128 112 144 150 178 178 178 124 50 150 173 170 78 60 108 178 59 124 21 178 147 0 135 123 82 163 45 178 122 132 169 159 124 117 87 173 178 160 77 97 63 106 173 
153 153 153 153 153 149 153 129 113 145 151 153 153 146 153 51 151 153 153 79 61 109 153 60 125 22 153 148 131 0 124 83 153 46 153 153 133 153 153 125 118 88 38 153 153 78 98 64 153 153 
71 85 74 170 127 25 130 91 151 133 190 84 134 157 163 91 148 159 80 119 101 114 96 100 165 62 74 168 180 49 0 123 93 86 138 161 95 158 181 1 134 111 87 91 154 92 138 87 118 83 
170 127 160 220 125 195 153 76 233 172 137 193 173 177 141 92 133 156 165 94 192 56 146 101 96 153 221 189 228 131 179 0 132 177 188 139 80 197 219 180 159 118 151 177 152 119 119 165 136 159 
139 26 142 153 135 105 90 153 147 129 129 80 136 64 78 137 102 125 83 168 150 133 115 125 106 111 154 203 180 89 80 132 0 135 75 76 49 154 118 81 120 105 127 140 114 88 133 105 146 128 
116 137 119 147 135 147 147 145 147 99 147 147 147 147 147 5 105 128 125 115 97 128 147 14 121 58 134 102 141 147 147 119 145 0 147 147 137 124 147 128 72 124 147 136 147 32 52 100 138 128 
128 128 84 128 128 38 96 103 72 54 128 5 61 117 84 113 123 128 8 98 123 83 109 122 128 84 128 128 128 62 128 102 128 108 0 82 107 79 43 83 55 47 97 101 120 13 113 30 106 93 
141 83 144 144 81 137 14 118 118 126 53 140 144 124 2 61 104 103 136 92 74 98 144 49 122 35 144 144 144 13 112 94 91 59 135 0 83 144 144 113 44 29 51 64 38 57 57 77 92 112 
90 98 93 140 103 115 164 104 180 92 160 113 151 97 169 160 53 76 85 122 170 84 66 169 74 131 173 187 194 109 99 83 106 155 108 167 0 117 151 100 93 155 129 101 188 121 116 93 114 79 
118 126 108 142 131 142 101 24 142 87 85 141 142 125 89 93 81 104 113 42 142 4 94 102 102 122 142 142 142 100 127 46 134 142 136 87 28 0 142 116 88 116 138 125 125 120 67 88 27 107 
117 132 55 179 130 91 179 114 179 119 179 140 178 124 179 106 80 103 61 155 176 117 162 115 101 137 179 179 173 115 126 110 140 161 135 179 118 144 0 127 120 177 70 72 179 133 153 120 99 64 
70 84 73 197 193 109 182 90 196 186 197 168 197 156 170 184 147 158 79 171 194 133 160 191 164 155 73 167 191 133 138 144 92 179 167 168 94 178 197 0 150 195 168 90 197 176 196 187 117 82 
129 144 132 225 142 154 203 126 219 131 187 152 190 136 191 142 92 115 124 144 209 106 196 151 113 170 212 226 178 148 138 50 152 194 147 189 130 156 190 139 0 168 156 140 202 160 169 132 153 115 
115 115 115 115 115 115 115 115 115 115 115 115 115 115 115 115 115 115 115 115 115 115 115 115 115 115 115 115 115 115 115 115 115 115 115 115 115 115 115 115 115 0 115 115 115 115 115 115 115 115 
115 115 115 115 115 115 115 115 115 115 115 115 115 115 115 115 115 115 115 115 115 115 115 115 115 115 115 115 115 115 115 115 115 115 115 115 115 115 115 115 115 115 0 115 115 115 115 115 115 115 
115 115 115 115 115 115 115 115 115 115 115 115 115 115 115 115 115 115 115 115 115 115 115 115 115 115 115 115 115 115 115 115 115 115 115 115 115 115 115 115 115 115 115 0 115 115 115 115 115 115 
115 115 115 115 115 115 115 115 115 115 115 115 115 115 115 115 115 115 115 115 115 115 115 115 115 115 115 115 115 115 115 115 115 115 115 115 115 115 115 115 115 115 115 115 0 115 115 115 115 115 
115 115 115 115 115 115 115 115 115 115 115 115 115 115 115 115 115 115 115 115 115 115 115 115 115 115 115 115 115 115 115 115 115 115 115 115 115 115 115 115 115 115 115 115 115 0 115 115 115 115 
115 115 115 115 115 115 115 115 115 115 115 115 115 115 115 115 115 115 115 115 115 115 115 115 115 115 115 115 115 115 115 115 115 115 115 115 115 115 115 115 115 115 115 115 115 115 0 115 115 115 
115 115 115 115 115 115 115 115 115 115 115 115 115 115 115 115 115 115 115 115 115 115 115 115 115 115 115 115 115 115 115 115 115 115 115 115 115 115 115 115 115 115 115 115 115 115 115 0 115 115 
115 115 115 115 115 115 115 115 115 115 115 115 115 115 115 115 115 115 115 115 115 115 115 115 115 115 115 115 115 115 115 115 115 115 115 115 115 115 115 115 115 115 115 115 115 115 115 115 0 115 
115 115 115 115 115 115 115 115 115 115 115 115 115 115 115 115 115 115 115 115 115 115 115 115 115 115 115 115 115 115 115 115 115 115 115 115 115 115 115 115 115 115 115 115 115 115 115 115 115 0 
0.008567 