1
100 1
0 418 741 653 320 635 26 23 927 939 399 195 969 298 182 200 204 368 583 911 999999 380 566 405 945 999999 9 517 844 145 5 61 999999 957 303 42 867 89 815 565 254 641 690 395 887 493 174 390 228 281 521 999999 289 982 111 767 999999 215 565 194 487 729 764 146 19 786 256 386 902 685 999999 912 846 223 810 634 639 347 383 217 286 370 24 996 624 182 284 999999 499 999999 999999 62 666 610 649 880 61 939 525 24
231 0 505 381 403 517 276 573 222 726 442 999999 96 305 111 799 586 477 885 716 459 133 953 956 170 682 391 308 927 648 922 754 917 719 219 655 887 706 453 632 725 757 107 402 999999 500 999999 347 675 627 219 670 495 512 130 123 771 462 312 39 127 370 611 795 893 433 407 999999 727 459 128 744 693 145 955 151 437 999999 450 814 490 738 478 293 928 47 605 728 473 877 255 720 340 391 4 685 758 758 244 196
307 646 0 851 240 179 286 496 403 417 240 112 332 999999 983 217 623 999999 151 826 911 895 985 893 875 802 578 80 163 682 779 867 999999 551 994 583 204 901 675 792 952 323 469 683 529 243 77 410 7 372 585 297 670 807 883 12 828 624 939 152 318 534 439 165 491 581 270 961 367 966 930 80 260 267 514 826 357 998 418 990 197 481 872 694 336 730 356 879 80 127 233 837 905 528 360 942 983 817 289 355
696 762 60 0 715 498 283 687 925 511 900 999999 890 400 999999 489 880 120 419 431 268 51 196 160 455 988 381 72 112 179 865 355 902 373 894 45 789 51 688 513 745 289 40 614 999999 265 947 52 74 673 642 434 205 772 570 563 531 479 158 365 74 451 559 861 876 557 73 216 116 999999 671 201 998 713 999999 788 340 746 979 844 985 753 747 454 244 673 512 267 414 405 301 456 487 830 432 461 447 303 528 95
579 428 966 420 0 347 249 849 770 923 767 750 160 169 123 714 308 190 625 352 977 903 846 619 538 375 872 375 287 794 66 166 935 357 556 712 420 768 424 516 80 135 821 912 341 604 855 722 712 5 447 896 68 745 455 996 695 395 647 810 494 54 925 901 176 562 251 396 352 163 318 897 630 809 772 767 131 632 728 301 198 758 179 882 851 39 936 724 999999 279 897 411 394 599 987 774 584 76 522 695
653 708 471 894 84 0 997 621 69 390 607 94 659 161 380 759 475 882 957 4 581 999999 485 328 827 732 77 632 999999 968 988 632 560 224 906 772 999999 999999 999999 711 68 913 856 202 235 575 906 954 110 414 536 393 156 482 994 491 775 228 590 492 78 957 500 344 287 433 873 999999 25 449 475 422 444 344 679 886 95 581 557 999999 461 757 823 158 551 359 602 999999 745 419 25 859 758 867 554 618 53 542 757 567
946 726 828 686 743 884 0 313 554 116 443 11 114 937 242 780 700 703 238 718 560 287 281 29 242 198 293 170 938 734 806 122 52 591 304 691 77 73 190 796 628 603 773 876 999999 430 688 12 547 11 350 504 317 828 740 262 601 911 938 350 260 931 34 409 139 818 979 856 131 315 491 299 733 999999 630 160 219 139 128 505 209 671 113 448 292 232 122 984 160 314 941 999999 421 643 644 424 209 425 444 495
13 792 664 999 761 725 253 0 951 237 179 743 334 257 705 556 240 368 680 139 18 982 297 305 902 940 570 503 827 854 38 250 709 758 121 16 265 757 734 746 15 880 806 486 91 588 623 103 992 210 279 763 425 49 294 835 765 631 131 326 7 999999 394 906 302 366 565 673 152 473 879 737 78 658 453 195 522 453 9 553 837 629 92 751 374 949 160 749 321 356 913 516 978 999999 572 271 17 838 211 427
9 205 873 948 305 528 266 385 0 636 301 518 983 318 595 532 734 561 805 599 622 544 636 135 503 280 535 494 264 999999 99 968 529 413 471 719 274 625 637 134 642 445 489 539 506 964 503 430 798 704 44 684 829 314 713 300 404 923 107 550 740 262 134 288 180 315 139 344 27 748 174 179 630 842 280 865 474 999999 96 885 159 540 788 340 782 889 771 547 423 203 70 999999 284 818 999999 755 733 504 222 778
669 968 294 489 685 100 936 159 291 0 348 745 930 865 647 794 930 99 492 479 560 959 210 388 580 997 371 159 470 675 379 269 835 433 88 332 357 889 819 887 268 709 405 678 74 951 264 389 273 999999 589 975 99 11 895 235 999999 103 736 938 855 596 197 856 737 969 623 527 999999 730 466 484 999999 345 649 429 669 988 119 277 705 676 417 931 666 428 999999 381 85 497 385 393 466 108 818 826 999999 794 929 432
423 338 762 507 474 4 926 483 529 112 0 6 371 784 641 669 386 751 381 810 50 713 219 421 789 812 842 370 85 361 910 130 793 825 593 999999 343 287 137 264 695 437 826 363 428 46 434 523 999999 610 465 607 58 351 666 163 720 680 721 255 649 97 764 104 66 988 139 548 222 657 233 21 599 945 465 947 721 822 897 238 784 554 585 449 938 826 336 235 272 659 814 73 588 999999 341 701 661 745 101 428
207 140 904 113 78 570 680 999999 27 90 831 0 565 368 325 731 693 917 732 672 671 891 864 776 920 711 51 999999 497 353 542 137 84 800 835 89 426 762 897 122 533 773 781 807 999999 443 999999 142 418 778 999999 741 538 230 169 626 364 28 447 102 999999 782 894 370 545 271 404 432 999999 20 321 170 999999 712 541 435 571 981 446 623 334 809 187 96 351 128 180 663 158 938 363 535 987 219 963 999999 735 209 963 459
999999 845 358 717 279 970 996 880 750 884 191 791 0 109 328 695 177 488 999999 617 555 780 461 235 896 238 46 430 356 596 850 421 878 896 808 33 1 133 221 247 992 1 3 34 222 861 579 137 17 580 728 648 631 547 456 516 14 148 96 13 773 30 316 535 761 783 378 135 610 292 906 429 395 887 229 570 930 446 30 999999 638 807 371 349 999999 79 999999 872 652 560 934 469 340 957 164 961 907 961 957 705
80 534 54 6 433 770 776 999999 449 832 750 882 191 0 687 204 246 369 999999 724 717 288 901 317 565 826 551 640 810 610 923 581 676 656 945 670 821 985 987 193 408 409 253 293 973 62 763 412 888 398 274 398 598 95 65 396 317 976 508 561 45 706 275 556 208 806 388 339 353 992 410 497 626 372 258 114 236 754 149 914 324 304 185 749 534 404 480 640 489 12 231 424 828 725 999999 388 621 676 839 459
588 285 247 247 987 316 857 894 493 345 874 159 13 696 0 787 136 293 618 999999 350 539 279 427 755 582 412 359 460 776 152 404 761 758 472 777 97 717 972 797 500 88 453 85 47 348 132 888 349 743 474 771 968 927 316 645 346 695 989 230 999 275 398 330 709 689 738 33 246 920 999999 471 817 280 83 628 4 11 425 977 573 759 203 988 965 917 39 335 189 914 963 452 842 345 583 126 341 645 106 32
68 986 90 999999 663 640 233 911 389 983 845 349 753 294 203 0 727 1 80 677 108 475 233 102 34 982 925 359 424 962 52 266 90 419 614 735 148 149 482 445 777 496 20 364 978 607 638 934 913 383 305 95 366 477 64 511 314 999999 18 862 680 362 394 132 206 481 20 112 397 701 177 225 37 198 513 68 291 709 317 429 978 580 375 514 825 999999 481 484 406 474 126 45 441 71 692 346 765 451 648 611
725 999999 309 141 91 345 363 189 555 414 94 484 844 342 837 302 0 488 411 781 755 120 979 787 602 392 497 947 937 805 923 576 287 329 326 921 797 835 891 875 64 163 300 330 990 804 359 968 782 491 229 87 616 999999 597 420 741 535 870 999999 557 800 979 294 282 938 152 424 503 828 597 987 557 355 790 83 178 999999 233 571 147 999999 836 576 188 181 759 572 999999 805 577 151 17 550 523 37 153 616 221 174
575 846 804 902 851 481 658 643 160 999999 772 999999 886 732 502 231 110 0 74 964 595 188 791 419 965 280 98 809 753 36 903 978 391 497 457 269 811 758 621 69 999999 66 100 219 63 226 33 527 591 337 428 950 221 961 949 48 319 108 406 109 624 335 712 191 420 810 95 436 143 587 42 82 777 502 961 964 680 391 94 434 587 753 999999 542 891 401 668 113 815 218 602 274 846 520 804 785 886 874 614 933
756 138 546 999999 317 270 386 229 628 106 220 640 535 643 373 248 999999 999999 0 621 839 950 393 259 787 175 22 707 855 801 33 499 585 397 219 439 722 571 855 997 697 338 242 8 843 999999 950 17 830 894 360 776 625 698 169 594 591 609 71 958 481 506 794 384 415 419 640 510 992 933 793 977 403 844 878 905 281 617 973 55 68 797 955 260 277 283 796 929 978 416 276 999999 999999 328 875 164 783 658 25 503
841 998 811 206 663 921 242 896 982 320 229 499 618 303 390 848 556 134 258 0 10 192 104 70 559 733 785 652 220 104 890 284 757 40 495 422 599 30 34 698 920 976 91 750 887 324 313 162 259 772 486 577 415 717 992 74 565 499 726 267 841 385 828 799 999999 867 702 872 939 999999 447 525 94 164 562 783 183 929 501 606 999999 667 999999 221 518 188 319 999999 778 418 66 539 173 594 161 542 694 778 237 248
673 469 35 224 287 827 738 986 470 281 236 360 135 359 999999 444 466 202 513 185 0 181 32 52 483 255 230 556 464 278 951 613 336 731 730 61 837 444 321 103 181 651 570 999999 999 374 705 545 843 688 236 678 203 392 475 329 3999999 762 11 357 417 11 869 552 189 22 238 152 913 34 4 463 815 68 516 699 950 978 772 484 922 666 467 637 590 987 337 10 795 729 924 531 999999 928 935 854 999999 0 256 499 378 676 4 492 753 500
993 108 467 748 821 129 569 93 583 405 124 200 458 797 774 684 513 278 400 77 215 950 587 343 88 327 691 508 657 758 842 192 327 928 90 947 87 701 424 274 640 609 0 719 458 661 418 401 262 109
732 124 530 864 196 735 986 999999 673 332 548 416 957 326 968 461 999999 553 194 462 753 502 975 18 146 93 8 318 195 724 532 283 824 123 217 438 834 999999 945 904 241 992 279 0 511 137 406 209 317 339
812 767 70 703 423 999999 834 347 189 600 719 562 999999 58 883 234 23 814 999999 145 22 87 428 817 557 807 730 435 23 502 849 103 650 640 954 324 461 424 568 605 100 457 51 70 0 919 237 80 258 356
831 734 2 712 194 411 543 459 933 107 72 363 817 974 345 231 564 886 954 665 531 217 739 223 484 396 484 219 960 1 999999 694 766 344 949 23 281 353 183 810 295 221 796 584 192 0 736 587 50 875
222 33 299 752 956 806 846 551 536 999999 747 640 633 303 571 886 197 261 493 322 176 348 98 305 791 179 772 999999 250 385 293 978 463 321 754 89 318 907 325 20 999999 190 516 83 538 860 0 378 323 755
289 56 453 621 789 769 932 545 284 721 322 556 536 646 72 211 999999 653 659 904 293 100 486 683 994 648 732 597 556 39 875 875 468 752 863 600 459 93 284 629 545 451 659 984 529 542 691 0 778 249
999999 741 267 33 214 84 969 6 260 497 487 729 434 873 99 558 964 23 360 391 215 376 954 999999 366 285 177 999999 100 20 999999 561 237 528 835 518 373 478 775 122 894 855 95 939 696 49 105 814 0 23
667 97 419 813 191 204 56 847 738 136 392 553 770 511 467 272 542 246 728 485 418 54 130 262 10 46 706 999999 671 873 762 118 259 597 407 946 912 491 860 822 235 577 271 304 908 622 970 377 813 0
19 999999 645 669 505 962 89 999999 336 140 803 974 513 999999 885 4 871 107 443 274 0 777 244 681 668 905 53 487 118 20 684 749 214 256 36 978 263 831 365 122 999999 409 412 295 549 134 209 903 167 930 999999 945 393 836 33 339 980 19 538 11 682 999999 973 382 64 278 342 999999 66 201 85 999999 439 533 238 84 275 752 154 872 435 467 811 554 619 837 324 493 654 999 234 746 478 800 2
11 359 92 68 120 835 367 349 729 400 680 950 93 647 234 589 892 59 132 245 791 777 699 510 590 257 0 430 740 7 291 157 11 732 340 765 4 125 896 433 13 129 131 865 812 558 452 514 863 249 465 47 931 33 258 346 523 179 943 45 643 756 636 714 573 679 699 999999 970 243 473 882 634 112 689 172 700 999999 173 685 739 23 588 227 647 490 623 665 948 414 736 216 230 316 375 414 659 915 404 741
139 420 693 878 131 838 227 740 754 972 786 468 228 150 903 632 985 925 511 676 89 2 86 769 283 196 318 0 599 581 694 645 642 234 301 207 654 560 256 702 119 224 523 930 892 128 939 413 80 653 316 267 657 467 785 575 725 403 361 178 14 427 357 644 914 534 966 256 834 154 855 717 890 385 983 881 23 155 508 478 920 440 803 539 701 270 556 729 422 275 892 530 896 980 306 360 384 21 890 415
763 715 338 999999 863 679 370 416 825 921 891 554 784 342 130 416 931 135 353 330 957 271 238 92 631 421 220 346 0 942 558 723 311 567 997 522 786 834 351 179 521 664 199 313 291 388 752 606 605 25 999999 127 762 65 918 906 555 84 208 655 524 816 375 644 444 980 129 357 706 959 530 809 944 623 218 547 999999 269 3 358 989 935 548 836 453 177 818 466 523 703 541 538 202 674 536 458 493 349 999999 979
675 247 756 116 335 688 377 112 411 354 680 714 170 753 824 957 132 844 485 748 326 833 158 944 939 806 476 865 341 0 470 999999 334 382 94 501 375 999999 999999 984 219 898 45 184 549 155 430 766 573 582 670 263 956 927 214 41 838 695 43 90 327 553 112 986 537 447 28 999999 712 284 416 674 714 605 336 525 997 684 489 898 673 410 956 654 678 65 999999 320 773 510 995 74 399 833 72 207 810 682 999999 584
539 403 67 519 119 650 331 184 193 193 519 124 891 866 260 742 581 362 78 171 668 379 826 650 999999 453 793 635 525 826 0 331 50 999999 89 727 489 999999 529 472 567 490 999999 332 279 316 62 104 624 324 743 597 127 197 119 116 45 60 545 904 3 547 960 144 357 264 525 79 731 592 332 129 631 331 740 701 327 75 936 805 346 141 999999 617 738 913 907 793 64 125 690 451 974 404 107 130 661 687 322 999999
706 863 743 373 999999 999999 496 577 658 144 819 999999 199 748 338 387 344 472 128 305 336 733 773 577 751 815 741 728 695 637 216 0 537 936 675 296 908 370 885 37 98 27 102 937 262 353 544 607 927 417 945 139 352 399 456 435 870 822 790 577 999999 657 936 841 13 999999 369 984 227 747 140 615 157 889 42 880 831 848 258 488 58 331 582 816 452 469 586 968 91 279 482 136 302 28 643 25 343 260 59 625
720 502 512 484 293 850 209 90 216 515 305 806 779 383 827 985 93 999999 104 923 958 346 859 999999 22 778 37 832 873 214 778 544 0 50 453 162 444 504 195 46 932 779 999999 585 950 55 884 194 698 675 688 39 974 921 483 402 377 115 333 42 793 999999 908 521 44 396 235 999999 973 986 424 316 999999 611 504 19 999999 419 177 688 489 811 71 980 485 161 944 530 91 72 986 447 373 791 713 362 241 747 683 262
459 877 669 694 403 590 492 914 26 775 976 180 798 537 577 226 783 433 24 121 644 917 999999 199 881 160 115 635 744 142 52 313 504 0 65 970 55 955 292 400 189 135 253 278 147 80 386 905 825 952 619 906 578 673 816 229 987 854 817 111 106 48 999999 835 176 153 76 142 510 508 109 653 859 452 979 999999 876 210 645 126 460 243 2 93 9 516 414 737 133 846 420 676 846 808 396 374 603 554 285 354
711 428 999999 403 471 841 609 132 293 978 538 883 395 240 476 856 747 752 763 999999 244 809 30 29 582 59 86 268 987 67 999999 628 975 758 0 977 658 854 909 866 951 830 298 744 246 752 597 823 108 5 555 367 166 391 737 813 464 519 318 495 712 422 575 701 817 565 758 715 650 264 239 156 651 703 51 345 842 397 76 913 113 66 907 643 660 755 513 30 456 160 544 445 932 729 899 795 391 284 381 475
840 962 376 182 807 581 106 392 193 781 892 50 545 693 999999 877 193 999999 631 95 300 301 396 817 417 999999 776 878 613 968 240 991 643 999999 902 0 186 723 858 750 697 4 151 463 617 671 775 458 618 508 934 714 999999 452 467 363 785 716 416 801 801 75 877 232 585 333 634 176 824 612 139 802 677 571 4 933 796 80 947 561 497 585 154 177 422 196 629 801 243 295 992 822 68 586 984 880 460 16 317 283
583 509 377 703 773 362 218 387 255 947 374 218 13 318 976 85 970 276 999999 613 13 150 84 884 481 973 999999 512 942 223 659 102 437 274 902 251 0 48 999999 217 115 155 271 861 999999 74 325 390 858 199 615 354 557 903 205 973 529 927 904 257 672 231 970 862 104 693 749 711 842 457 392 998 576 66 326 85 363 451 418 97 509 999999 386 130 383 347 180 507 656 722 536 97 853 511 643 143 428 491 368 39
762 854 240 640 296 845 314 499 819 273 469 830 163 625 149 218 626 872 828 365 511 182 124 670 999999 132 192 604 142 904 295 107 994 569 677 659 119 0 567 753 191 622 294 531 630 35 799 416 632 850 185 679 737 322 465 153 62 390 889 999999 476 72 286 366 267 735 714 517 234 617 603 634 19 894 426 359 633 174 971 462 191 335 452 341 17 359 34 134 153 425 100 216 636 11 654 895 674 303 610 688
841 956 695 283 435 385 984 28 288 388 785 271 999999 397 702 497 840 733 587 752 233 999999 920 491 921 743 561 318 687 676 726 881 188 88 697 271 339 711 0 282 983 819 537 585 29 543 335 770 248 999999 927 654 31 999999 634 533 689 495 785 552 948 645 470 179 226 444 593 822 516 824 62 588 353 5 999999 771 204 15 455 655 607 429 678 760 245 435 334 421 327 504 283 767 429 50 179 335 999999 282 574 602
807 414 347 401 213 205 263 523 240 353 238 894 217 999999 999999 166 797 320 15 220 672 892 73 466 383 831 735 548 833 716 452 413 647 187 190 73 511 663 663 0 106 777 27 304 861 5 785 519 989 312 57 179 741 216 661 279 897 541 87 280 505 246 999999 41 554 361 617 439 28 514 31 182 366 130 372 666 711 89 5 727 605 352 901 462 420 999999 490 968 179 770 695 510 815 60 90 785 99 549 395 847
894 500 488 255 813 729 645 493 175 38 498 591 851 137 999999 698 91 996 804 203 952 827 841 81 670 999999 333 149 924 867 637 67 966 168 999999 857 538 442 999999 377 0 83 805 947 840 320 999999 261 511 381 895 497 338 706 775 220 797 802 505 387 723 155 430 378 132 299 432 947 986 112 715 204 933 597 526 184 522 69 350 733 949 999 999999 743 902 818 58 526 931 833 277 999999 699 402 41 932 995 148 495 159
741 743 910 997 3 893 999999 605 35 186 508 452 813 645 702 999999 661 765 46 366 103 991 125 517 616 844 160 579 335 914 910 396 557 501 425 660 917 999999 44 607 862 0 929 478 138 264 244 700 801 60 170 575 822 638 627 720 243 544 977 382 201 399 350 86 501 143 41 210 35 374 529 722 58 795 999999 367 835 293 939 202 849 66 588 719 676 792 339 342 649 625 138 970 773 727 30 742 766 783 39 843
387 443 793 999999 409 190 516 63 278 466 488 962 7 845 539 54 95 652 933 5 112 538 499 545 481 999999 467 962 520 999999 999999 157 541 653 619 95 654 245 999999 49 714 357 0 319 785 425 197 716 727 958 234 767 865 69 136 995 728 612 581 862 691 469 883 133 967 516 521 766 160 97 537 282 3 999999 958 17 262 507 331 175 961 45 873 731 999999 356 859 308 944 793 121 707 149 963 604 698 569 525 883 665
767 258 928 841 253 167 180 229 946 300 157 379 120 604 512 100 876 51 297 915 313 778 22 411 536 307 317 983 269 999999 42 514 450 313 407 519 896 238 995 787 67 508 988 0 435 18 683 223 544 387 367 416 57 888 911 413 58 999999 95 545 687 649 126 324 824 344 318 994 647 176 19 882 895 883 793 273 471 508 226 202 155 496 87 535 100 512 511 646 856 208 760 731 413 130 458 94 738 929 691 663
4 999999 999999 538 407 64 241 338 55 137 498 393 36 297 132 847 197 71 87 593 133 999999 755 649 482 451 611 736 385 683 682 857 999999 421 198 709 832 137 770 624 346 658 776 112 0 819 305 751 974 397 334 305 797 978 773 274 863 304 714 521 914 367 802 365 186 433 990 802 243 201 391 928 328 905 259 232 989 573 985 330 545 182 675 997 999999 331 833 231 34 487 635 156 596 100 759 527 21 742 966 783
484 870 251 34 803 799 244 163 800 776 441 772 286 167 120 304 667 120 363 916 999999 439 620 385 652 422 726 166 63 519 150 497 275 900 633 255 385 22 949 999999 562 256 585 975 221 0 828 577 276 423 999999 177 987 952 869 671 809 502 988 820 422 875 174 646 40 517 926 980 372 674 354 579 284 398 351 923 879 797 425 451 350 64 999999 183 736 946 898 876 540 956 664 673 209 424 468 213 154 535 65 753
999999 657 511 817 598 193 767 26 866 659 726 882 603 594 705 624 135 674 165 979 874 906 888 829 566 35 999999 329 999999 644 624 650 324 691 453 960 152 559 566 514 727 3 422 817 326 832 0 686 250 495 693 759 96 48 954 8 553 724 69 57 594 999999 903 861 722 912 421 568 380 877 238 631 262 602 935 420 982 801 564 289 834 999999 515 584 296 999 758 523 598 837 515 40 575 196 758 196 179 273 100 511
999999 496 980 960 164 976 779 729 202 247 761 243 26 260 333 819 297 54 737 675 839 105 9 435 999999 100 943 222 926 126 305 149 490 999999 337 537 803 56 187 755 173 850 582 441 293 993 928 0 257 778 319 589 488 883 318 683 366 674 16 423 554 777 516 98 237 411 754 725 928 155 35 136 916 431 755 142 76 191 346 414 793 171 848 620 75 588 526 457 579 426 762 626 400 887 896 902 7 412 178 560
384 428 495 369 542 693 395 999999 637 559 893 999999 5 618 634 594 941 372 197 618 92 965 552 527 837 56 389 418 183 421 97 598 672 142 901 452 148 157 217 818 600 753 723 919 243 908 545 484 0 974 83 394 280 178 150 392 527 566 462 976 376 292 367 499 660 260 416 353 430 205 777 243 704 736 405 239 721 212 59 144 947 130 482 356 981 731 87 613 168 112 136 35 465 455 780 298 52 805 999999 715
561 256 561 525 372 550 637 704 961 427 554 33 285 108 285 867 668 923 815 90 983 130 355 296 217 826 156 567 550 966 709 911 319 55 912 315 374 527 276 551 999999 843 259 999999 999999 61 252 455 180 0 986 144 161 790 595 632 634 216 688 736 999999 945 251 30 769 824 654 781 669 116 636 595 249 923 681 635 388 792 20 615 69 552 957 410 646 75 816 105 732 818 655 707 469 414 475 377 413 85 687 299
687 924 999999 228 55 1 119 63 781 357 598 494 140 859 515 984 701 331 608 684 711 423 985 416 390 63 264 24 966 999999 532 970 730 390 598 211 999999 523 340 925 602 457 359 447 525 965 447 489 973 892 0 999999 516 119 544 583 785 944 85 338 54 6 325 324 811 20 433 623 639 309 999999 936 196 416 279 85 393 999999 65 264 297 655 555 776 805 702 532 849 886 628 683 745 697 428 689 325 956 377 612 510
527 666 854 933 506 144 831 438 900 305 701 1 999999 676 372 827 512 999999 326 757 115 297 32 999999 219 227 896 476 323 983 294 999999 753 999999 303 704 456 473 500 494 534 367 946 330 166 654 225 999999 33 24 830 0 928 935 596 921 75 348 686 445 555 732 250 999999 298 666 266 211 999999 999999 538 640 836 611 543 745 339 231 454 925 855 335 479 488 199 34 767 866 196 112 414 128 226 158 215 999999 220 616 240 914
599 817 769 862 112 396 179 94 268 263 190 665 851 242 456 999999 87 999999 835 999999 739 960 776 896 699 875 678 670 539 114 999999 879 777 58 119 999999 396 769 768 198 326 999999 37 504 809 211 509 830 830 931 920 733 0 986 162 575 222 999999 29 550 98 579 858 280 664 231 483 629 999999 586 292 665 10 884 854 26 880 854 829 899 883 999999 990 999999 889 998 961 172 490 762 432 351 29 508 541 749 236 399 891 359
407 681 999999 229 608 402 492 380 339 154 463 237 999999 999999 208 85 394 974 378 904 789 637 116 699 780 793 710 166 565 723 100 15 223 532 292 615 461 150 432 466 974 801 813 925 970 845 931 850 778 846 46 872 320 0 1 971 420 307 739 165 23 686 681 991 92 999999 371 129 281 613 528 662 172 628 759 56 152 321 96 43 468 925 549 949 999999 865 436 328 889 841 943 149 127 890 465 558 537 904 309 696
820 629 235 227 695 177 963 682 999999 999999 932 102 196 864 318 31 853 730 719 356 344 463 793 18 909 504 776 999999 712 351 735 520 321 163 262 220 289 774 933 19 343 387 289 451 351 999999 978 343 64 515 198 971 675 699 0 429 905 91 427 247 978 606 800 513 296 650 633 479 999999 945 265 551 625 42 99 333 718 334 897 41 999999 260 804 912 205 529 335 807 916 712 55 86 749 137 883 127 802 517 976 716
16 170 810 124 517 519 95 176 999999 885 829 963 663 200 894 999999 302 631 743 220 311 720 669 388 999999 332 578 22 259 516 999999 999999 755 582 814 860 260 708 134 165 859 73 398 720 422 898 408 68 108 488 818 925 869 620 9 0 993 504 339 595 420 297 154 620 441 836 999999 434 655 695 434 850 735 582 999999 682 452 55 440 479 143 139 365 965 103 639 966 964 834 326 445 144 868 808 102 628 637 185 855 713
512 962 111 954 687 822 32 999999 558 858 230 660 865 22 836 936 625 910 928 443 385 172 934 66 957 753 492 337 164 841 999999 620 805 844 10 167 134 286 647 999999 508 64 249 195 823 901 552 64 154 551 43 126 328 636 294 301 0 872 404 999999 186 341 872 785 251 876 613 612 224 851 415 402 745 522 999999 304 451 469 622 837 88 705 218 999999 536 892 336 446 983 515 461 133 886 754 200 798 861 827 193 202
510 878 999999 774 821 280 576 595 1 796 782 603 501 655 268 4 91 779 907 999999 854 209 884 800 332 459 264 817 659 947 994 973 751 889 999999 693 395 775 305 912 923 787 651 732 687 556 999999 227 980 888 851 625 70 706 411 542 67 0 385 302 209 171 485 664 627 66 337 2 598 799 881 366 17 499 139 51 252 999999 229 745 643 285 231 772 474 223 762 999999 539 189 937 109 83 136 554 270 640 397 618 232
901 163 442 732 722 518 341 113 992 33 162 629 628 196 982 932 92 949 478 344 303 908 795 615 852 758 237 626 66 35 346 145 373 275 24 152 147 379 94 527 907 390 161 59 709 3 996 186 411 301 309 147 469 676 252 836 838 654 0 745 286 512 579 422 590 745 42 972 415 825 524 172 596 442 809 902 532 930 222 748 432 961 140 317 794 886 722 517 938 149 363 724 375 111 753 525 568 509 890 551
450 283 74 947 392 460 253 3 152 932 500 206 820 385 345 461 956 867 355 809 999999 397 296 268 447 870 671 999999 888 691 256 999999 954 335 58 510 285 759 536 332 68 703 971 846 441 748 95 691 665 400 566 839 755 760 32 163 604 459 570 0 740 355 106 790 210 146 187 492 843 331 994 217 929 489 842 366 966 450 810 688 616 553 823 672 369 323 683 752 308 999999 999999 160 446 999999 142 844 957 173 599 304
550 409 953 210 699 989 391 865 327 215 660 765 807 106 926 663 414 571 146 889 125 620 964 333 258 356 14 216 59 64 892 972 299 956 408 999999 349 291 367 345 293 307 528 224 55 573 614 23 294 999999 65 736 179 866 512 64 887 90 999999 968 0 630 849 335 999999 508 208 132 143 299 458 413 628 814 268 659 405 273 280 847 345 924 358 411 703 45 966 487 130 780 350 498 765 165 830 967 153 453 816 49
189 659 290 123 787 834 560 999999 448 665 999999 836 76 38 661 918 177 404 630 746 677 942 756 823 215 618 891 754 845 677 749 334 580 406 606 500 629 276 447 890 263 871 126 750 886 342 461 20 306 784 293 762 508 401 566 853 422 765 482 683 2 0 175 612 508 360 193 17 983 356 304 747 969 157 763 849 184 694 543 486 32 644 78 738 38 46 380 240 516 316 455 426 640 871 494 868 566 991 993 766
315 804 217 158 510 999999 269 300 921 423 884 893 435 492 342 418 373 999999 550 318 857 165 240 345 303 833 957 658 141 287 743 463 748 999999 611 787 270 410 70 166 999999 281 339 387 305 409 27 327 100 793 999999 809 572 688 132 999999 562 487 726 449 195 62 0 53 970 40 502 2 959 158 562 999999 175 480 669 958 182 680 999999 751 144 638 999999 146 941 897 522 46 574 932 716 875 740 458 595 130 200 999999 335 951
86 138 633 871 644 412 262 311 392 198 535 514 248 631 706 102 393 403 169 705 782 720 628 523 798 672 999999 911 356 203 598 464 194 312 254 192 585 4 298 171 121 972 151 101 528 200 262 999999 774 268 369 987 861 465 42 5 845 910 619 895 353 979 734 0 404 60 272 929 103 759 384 864 129 554 678 649 924 517 157 583 324 948 726 887 675 558 458 102 592 356 895 514 383 751 796 816 940 149 854 799
4 305 753 610 404 453 760 523 101 805 967 931 574 357 801 481 365 746 268 999999 670 400 669 999999 748 634 999999 96 593 666 130 290 968 524 804 829 999999 277 628 216 367 12 570 653 392 625 440 464 999999 116 444 623 443 60 226 639 951 429 412 247 301 513 277 875 0 551 509 651 907 16 220 888 999999 864 980 744 441 999999 827 7 797 729 419 771 89 712 541 477 808 769 759 875 45 999999 544 18 885 647 414 667
930 216 399 333 78 726 242 6 788 409 488 762 640 320 699 260 512 49 786 880 916 729 337 773 647 696 468 720 893 143 272 187 810 206 150 452 821 557 999999 470 766 963 273 725 940 999999 537 581 634 206 55 439 323 162 424 537 321 68 669 498 40 833 975 753 999999 0 394 501 297 255 500 1 429 813 801 498 723 489 588 957 374 523 23 793 202 876 510 966 414 173 72 577 169 583 896 663 131 936 507 451
211 360 701 365 83 877 587 933 414 592 989 330 537 661 414 815 285 389 298 207 230 32 620 507 48 501 854 692 917 999999 403 285 539 935 312 847 945 448 366 580 136 254 190 279 999999 999999 672 144 504 955 750 669 876 498 634 17 831 738 919 544 182 999999 939 728 946 978 0 165 163 953 526 866 759 403 451 172 376 942 615 794 743 525 705 944 999999 235 804 999999 814 682 39 737 55 768 98 537 744 493 6 555
497 613 554 379 410 581 439 967 917 71 763 914 999999 380 944 680 735 281 727 743 876 726 390 410 629 58 656 117 225 238 943 718 552 564 897 999999 931 417 46 252 373 499 271 881 106 571 699 717 845 766 249 430 538 547 764 365 113 259 83 342 654 856 37 967 542 579 847 0 473 900 851 547 851 762 368 651 780 135 57 696 449 553 506 768 574 799 596 293 393 38 999999 192 606 763 499 335 459 144 438 418
994 510 751 999999 696 973 133 873 999999 769 999999 364 969 396 824 916 396 438 927 973 810 827 64 127 791 911 532 999999 999999 999999 678 387 890 159 275 397 403 747 390 217 149 830 61 694 452 528 24 728 271 152 806 274 195 632 851 552 748 319 999999 569 999999 404 643 299 756 999999 246 6 0 529 653 98 756 566 381 248 613 782 189 933 106 258 774 999999 999999 638 41 893 999999 621 590 469 30 833 977 525 977 550 953 238
634 953 438 166 71 800 724 611 664 489 921 940 759 778 716 126 57 488 352 167 928 382 361 110 669 261 166 489 653 197 686 67 753 356 993 2 602 811 832 908 370 995 983 773 399 956 625 882 288 8 120 154 394 999999 736 747 999999 364 666 773 572 78 724 329 339 533 90 384 734 0 112 533 935 162 528 430 93 276 523 260 468 454 644 23 378 121 712 959 979 132 196 907 936 342 779 29 128 992 999999 39
757 130 121 633 238 206 830 111 400 534 80 999999 422 290 604 62 999999 999999 861 617 930 742 59 828 537 818 439 73 999999 379 977 793 587 636 378 767 957 705 692 263 898 232 999999 882 795 865 115 304 447 190 78 809 628 532 416 939 197 527 761 603 953 309 193 999999 277 804 406 43 59 507 0 798 212 906 601 368 259 56 175 757 759 731 111 639 822 414 844 568 681 530 133 947 304 969 763 159 61 828 22 497
310 867 270 528 710 926 7 685 223 604 15 389 829 147 986 599 891 679 12 216 726 532 798 1 239 938 486 91 588 107 261 586 406 231 810 999999 982 410 792 925 114 357 632 696 71 794 806 422 486 229 171 999999 519 771 388 652 240 977 603 33 869 209 53 996 219 999999 201 645 332 594 509 0 287 999999 999999 464 759 641 526 717 760 92 625 999999 803 675 971 201 890 289 635 374 278 235 512 325 89 145 114 681
726 320 617 668 455 208 388 170 324 403 583 963 425 573 233 901 126 677 161 333 730 922 976 912 999999 999999 596 690 178 588 703 100 909 596 999999 559 353 399 12 590 680 104 374 999999 446 956 833 988 495 798 124 976 158 496 6 755 68 296 999999 486 224 780 757 240 287 377 654 602 410 900 448 508 0 470 578 130 145 283 898 962 153 241 470 31 951 858 543 434 158 999999 369 448 103 644 651 219 774 803 362 655
527 47 726 38 456 10 538 236 805 874 876 883 180 30 545 524 271 20 860 775 928 797 341 713 48 391 128 132 305 930 482 740 392 92 441 999999 436 949 402 1 553 771 147 649 157 42 81 999999 288 456 436 569 644 289 56 170 948 218 237 275 532 613 999999 469 318 286 429 607 274 469 974 870 479 0 602 979 345 36 89 925 146 515 507 305 474 289 208 498 660 228 986 577 36 905 225 261 777 958 39 443
453 296 999999 113 737 681 920 11 456 535 371 468 77 535 635 337 748 938 890 480 511 574 576 177 63 592 387 470 605 966 312 393 210 558 804 337 297 90 999999 395 475 691 563 577 139 378 901 404 564 282 549 176 371 936 605 752 777 395 777 518 999999 866 605 109 289 41 738 626 917 810 912 571 146 787 0 436 960 620 987 999999 117 921 310 721 609 129 603 152 440 235 999999 55 880 177 446 297 860 999999 177 398
970 151 658 164 77 678 112 509 171 999999 182 278 222 282 396 464 234 563 344 554 377 578 138 950 408 577 330 584 248 203 969 304 443 827 698 617 662 499 386 605 987 574 982 436 377 484 982 657 344 640 107 238 109 730 793 999999 999999 151 849 831 641 337 685 177 23 999999 487 806 479 373 998 999999 588 91 331 0 20 639 984 338 999999 186 999999 678 288 818 23 995 710 146 297 999999 298 377 858 36 912 238 608 901
796 384 179 416 427 560 405 863 92 821 373 516 551 161 681 432 984 748 999999 877 249 694 781 811 960 396 175 999999 771 468 7 340 48 414 294 777 543 393 49 938 926 223 470 307 758 759 266 30 736 891 353 690 785 119 882 582 426 932 680 665 726 482 818 815 699 346 999999 533 783 184 486 999999 964 703 710 72 0 698 14 553 796 782 584 281 123 763 984 109 44 495 426 727 97 39 207 913 795 689 505 165
286 95 460 733 133 609 73 860 455 976 107 479 850 406 576 594 523 682 484 779 745 47 496 359 487 195 831 814 635 998 722 991 130 528 791 504 239 455 806 203 358 549 85 493 789 374 320 45 609 419 941 724 346 933 279 581 486 678 239 227 416 747 83 266 809 415 78 743 389 751 142 999999 651 192 999999 835 754 0 944 151 760 70 702 881 228 665 925 63 922 117 42 642 594 129 564 607 823 721 542 325
626 328 787 957 142 533 407 510 738 622 7 729 381 163 572 290 384 178 20 753 124 937 599 373 614 128 666 35 201 47 593 875 155 564 999999 579 402 578 186 764 564 207 415 138 204 651 618 323 859 432 245 457 238 751 713 388 210 170 326 743 347 663 849 60 999999 408 505 999999 12 386 693 118 999999 510 838 828 290 632 0 510 518 773 648 980 676 403 102 745 745 901 680 889 60 69 751 53 455 467 333 532
816 710 303 864 366 164 653 999999 261 224 999999 581 39 976 940 633 886 167 808 263 696 192 887 583 620 999999 904 968 387 657 801 240 810 587 860 560 339 435 866 703 656 156 876 315 826 403 19 764 742 242 142 494 117 89 201 46 780 69 153 529 147 533 993 990 326 151 214 389 655 333 999999 512 576 679 111 767 190 859 812 0 227 363 820 985 481 95 155 597 204 848 148 491 749 232 902 999999 323 823 996 428
447 600 666 925 259 673 999999 405 122 334 577 176 171 554 615 552 706 30 705 273 33 80 497 882 477 171 307 399 735 893 678 896 319 748 792 122 622 999999 656 581 255 877 999999 547 524 922 272 999999 559 842 912 611 870 395 105 246 529 18 939 501 524 783 474 901 999999 298 999999 296 691 379 336 325 718 884 684 395 359 687 30 516 0 954 359 433 267 590 102 705 861 718 478 571 919 603 707 203 607 635 757 474
797 999999 127 270 27 546 615 248 745 129 12 105 519 474 720 525 677 164 999999 215 389 187 427 999999 522 833 770 33 423 812 567 689 670 784 280 977 158 158 983 999999 220 915 685 142 260 344 703 218 397 506 309 999999 348 531 999999 972 196 134 302 699 165 111 600 779 763 540 29 573 341 357 862 905 10 469 110 34 321 404 505 661 323 0 869 63 425 628 88 999999 712 857 248 111 612 419 476 482 341 798 516 213
239 765 218 761 507 218 689 923 180 511 19 175 46 644 139 480 916 858 633 481 861 664 35 694 210 329 999999 688 566 67 67 999999 573 94 347 762 739 410 617 460 906 639 222 743 595 334 320 53 477 564 39 757 201 993 696 527 832 932 401 911 527 881 499 521 851 513 574 524 17 448 31 383 164 250 279 859 441 192 686 61 320 676 0 616 459 533 761 641 974 339 765 219 819 70 999999 966 665 933 999999 124
633 718 373 475 4 487 108 349 46 883 758 296 220 68 999999 326 999999 234 501 903 694 908 877 698 678 27 68 143 663 507 309 331 999999 248 711 333 375 442 275 955 812 700 659 504 887 214 814 207 175 105 711 876 108 392 370 66 391 41 609 334 341 918 880 826 58 999999 378 686 137 529 223 909 316 160 991 188 176 386 21 152 494 904 999999 0 18 530 73 906 494 406 728 771 915 53 779 255 345 130 19 999999
