0 9 22 6 39 8 6 12 8 6 38 12 6 10 27 125 9 62 25 12 10 18 11 14 6 27 9 9 9 9 5 5 5 5 5 5 5 5 5 5 5 5 5 5 5 5 5 5 5 5 5 5 5 5 5 5 5 5 5 5 5 5 5 5 5 5 5 5 5 5 5 5 5 5 5 5 5 5 5 5 5 5 5 5 5 12 39 20 35 22 33 34 26 34 13 35 23 10 21 11 
51 0 58 40 74 43 41 46 42 41 73 46 41 45 62 160 44 96 59 47 45 54 55 49 40 68 60 53 53 53 53 46 46 46 46 46 41 41 41 41 40 40 40 40 40 40 40 40 40 40 40 40 40 40 40 40 40 40 40 39 39 39 39 39 39 39 39 39 39 39 39 39 39 39 39 39 39 39 39 39 39 39 39 39 39 47 74 55 76 57 68 78 61 69 4 70 57 45 62 45 
19 11 0 8 42 11 8 14 10 8 40 14 8 12 29 128 11 64 27 15 13 22 23 17 8 36 28 21 21 21 21 14 14 14 14 14 9 9 9 9 8 8 8 8 8 8 8 8 7 7 7 7 7 7 7 7 7 7 7 7 7 7 7 7 7 7 7 7 7 7 7 7 7 7 7 7 7 7 7 7 7 7 7 7 7 23 41 23 44 24 36 46 28 36 15 38 25 13 30 13 
52 44 55 0 74 44 41 47 43 41 73 47 41 45 62 160 44 97 60 48 45 51 56 49 41 69 61 54 54 54 54 47 47 47 47 45 42 42 42 42 41 41 40 40 40 40 40 40 40 40 40 40 40 40 40 40 40 40 40 40 40 40 40 40 40 40 40 40 40 40 40 40 40 40 40 40 40 40 40 40 40 40 40 40 40 56 74 55 77 57 69 79 61 69 48 71 58 45 61 46 
17 9 24 6 0 9 6 12 8 6 38 12 6 11 27 126 9 62 25 13 11 20 21 15 6 34 26 19 19 19 19 12 12 12 12 12 7 7 7 7 6 6 6 6 6 6 6 6 6 5 5 5 5 5 5 5 5 5 5 5 5 5 5 5 5 5 5 5 5 5 5 5 5 5 5 5 5 5 5 5 5 5 5 5 5 21 39 21 42 23 34 44 26 34 13 36 23 11 28 11 
31 23 38 19 53 0 20 25 22 20 52 25 20 24 41 139 23 76 38 4 14 34 35 28 19 47 40 33 33 33 33 25 25 25 25 25 21 21 21 21 19 19 19 19 19 19 19 19 19 19 19 19 19 19 19 19 19 19 19 19 19 19 19 19 19 19 19 19 19 19 18 18 18 18 18 18 18 18 18 18 18 18 18 18 18 34 53 24 55 36 25 58 40 48 27 49 37 14 41 25 
23 15 30 12 46 15 0 18 14 12 44 11 12 17 33 132 15 68 31 19 17 26 27 21 12 40 32 25 25 25 25 18 18 18 18 18 13 13 13 13 12 12 12 12 12 12 12 12 12 11 11 11 11 11 11 11 11 11 11 11 11 11 11 11 11 11 11 11 11 11 11 11 11 11 11 11 11 11 11 11 11 11 11 11 11 27 45 27 48 29 40 50 32 40 19 42 29 17 34 17 
13 11 26 8 42 11 9 0 11 9 41 14 9 13 30 128 12 64 27 15 13 22 23 17 8 36 22 21 21 21 18 14 14 14 14 14 9 9 9 9 8 8 8 8 8 8 8 8 8 8 8 8 8 8 8 8 8 8 8 8 7 7 7 7 7 7 7 7 7 7 7 7 7 7 7 7 7 7 7 7 7 7 7 7 7 23 42 23 44 25 36 46 29 37 15 38 17 13 30 13 
9 18 31 15 48 17 15 21 0 15 47 21 15 19 36 134 18 71 34 21 19 27 20 23 15 36 18 18 18 18 14 14 14 14 14 14 14 14 14 14 14 14 14 14 14 14 14 14 14 14 14 14 14 14 14 14 14 14 14 14 14 14 14 14 14 14 14 14 14 14 14 14 14 14 14 14 14 14 14 14 14 14 14 14 14 21 48 29 44 31 42 43 35 43 22 44 32 19 30 20 
23 15 30 12 46 15 13 18 14 0 44 18 13 17 33 132 15 68 31 19 17 26 27 21 12 40 32 25 25 25 25 18 18 18 18 18 13 13 13 13 12 12 12 12 12 12 12 12 12 12 12 12 12 11 11 11 11 11 11 11 11 11 11 11 11 11 11 11 11 11 11 11 11 11 11 11 11 11 11 11 11 11 11 11 11 27 46 27 48 29 40 50 32 41 19 42 29 17 34 17 
34 26 41 22 56 4 23 28 25 23 0 6 23 27 44 142 26 79 41 8 18 37 38 31 22 50 43 36 36 36 36 28 28 28 28 28 24 24 24 24 22 22 22 22 22 22 22 22 22 22 22 22 22 22 22 22 22 22 22 22 22 22 22 22 22 22 22 22 22 22 22 21 21 21 21 21 21 21 21 21 21 21 21 21 21 37 56 28 58 39 29 61 43 51 30 52 40 18 44 28 
33 25 39 21 55 24 22 27 24 22 54 0 22 26 43 141 25 77 40 28 26 35 37 30 21 49 42 35 35 35 35 27 27 27 27 27 22 22 22 22 21 21 21 21 21 21 21 21 21 21 21 21 21 21 21 21 21 21 21 21 21 21 21 21 21 21 21 21 21 20 20 20 20 20 20 20 20 20 20 20 20 20 20 20 20 36 55 36 57 38 49 60 42 50 29 51 39 26 43 27 
13 5 18 2 35 4 2 8 4 2 34 8 0 6 23 121 5 58 21 8 6 14 17 10 2 30 22 15 15 15 15 8 8 8 8 8 1 1 1 1 1 1 1 1 1 1 1 1 1 1 1 1 1 1 1 1 1 1 1 1 1 1 1 1 1 1 1 1 1 1 1 1 1 1 1 1 1 1 1 1 1 1 1 1 1 17 35 16 38 18 29 40 22 30 9 31 19 6 24 7 
58 49 54 6 80 49 47 52 49 47 79 52 47 0 68 166 50 102 65 53 51 57 61 55 46 74 67 59 59 59 59 52 52 52 52 51 47 47 47 47 46 46 46 46 46 46 46 46 46 46 46 46 46 46 46 46 46 46 46 46 45 45 45 45 45 45 45 45 45 45 45 45 45 45 45 45 45 45 45 45 45 45 45 45 45 61 80 61 82 12 74 84 67 75 53 76 63 51 67 51 
23 15 28 12 45 8 12 18 14 12 44 11 12 16 0 131 15 68 31 12 16 24 27 20 12 33 31 25 25 25 25 11 11 11 11 11 11 11 11 11 11 11 11 11 11 11 11 11 11 11 11 11 11 11 11 11 11 11 11 11 11 11 11 11 11 11 11 11 11 11 11 11 11 11 11 11 4 4 4 4 4 4 4 4 4 20 39 26 41 28 33 46 32 40 19 41 29 16 27 17 
30 22 37 19 53 22 20 25 21 20 51 25 20 24 41 0 23 1 38 26 24 33 34 28 19 47 39 32 32 32 32 25 25 25 25 25 20 20 20 20 19 19 19 19 19 19 19 19 19 19 19 19 19 19 19 19 19 19 18 18 18 18 18 18 18 18 18 18 18 18 18 18 18 18 18 18 18 18 18 18 18 18 18 18 18 34 53 34 55 36 47 45 40 48 26 49 36 24 41 24 
76 68 83 65 91 67 65 71 67 65 94 71 65 69 86 184 0 121 84 71 69 79 80 73 65 93 85 78 78 78 78 71 71 71 71 71 66 66 66 66 64 64 64 64 64 64 64 64 64 64 64 64 64 64 64 64 64 64 64 64 64 64 64 64 64 64 64 64 64 64 64 64 64 64 64 64 64 64 64 64 64 64 64 64 64 80 98 79 101 81 92 103 17 93 72 37 82 69 87 70 
45 37 52 34 68 37 34 40 36 34 66 40 34 38 55 154 37 0 53 41 39 48 49 42 34 58 54 47 47 36 36 36 36 36 36 36 35 35 35 35 34 34 34 34 34 34 33 33 33 33 33 33 33 33 33 33 33 33 33 33 33 33 33 33 33 33 33 33 33 33 33 33 33 33 33 33 33 33 33 33 33 33 33 33 33 45 67 49 66 50 62 72 54 62 41 64 51 39 52 39 
20 12 27 9 42 12 9 15 11 9 41 15 9 13 30 128 12 65 0 16 14 23 24 17 9 37 22 22 22 22 22 15 15 15 15 15 10 10 10 10 9 9 9 8 8 8 8 8 8 8 8 8 8 8 8 8 8 8 8 8 8 8 8 8 8 8 8 8 8 8 8 8 8 8 8 8 8 8 8 8 8 8 8 8 8 24 42 24 45 25 37 47 29 37 16 39 26 14 25 14 
27 19 34 15 49 18 16 21 18 16 48 21 16 20 37 135 19 72 34 0 10 30 31 24 15 43 36 29 29 29 29 21 21 21 21 21 17 17 17 17 15 15 15 15 15 15 15 15 15 15 15 15 15 15 15 15 15 15 15 15 15 15 15 15 15 15 15 15 15 15 14 14 14 14 14 14 14 14 14 14 14 14 14 14 14 30 49 20 51 32 43 54 36 44 23 45 33 10 37 21 
17 9 24 5 39 8 6 11 8 6 38 11 6 10 27 125 9 62 24 12 0 20 21 14 5 33 26 19 19 19 19 11 11 11 11 11 7 7 7 7 5 5 5 5 5 5 5 5 5 5 5 5 5 5 5 5 5 5 5 5 5 5 5 5 5 5 5 5 5 5 4 4 4 4 4 4 4 4 4 4 4 4 4 4 4 20 39 10 41 22 33 44 26 34 13 35 23 0 27 11 
12 4 4 1 35 4 1 7 3 1 33 7 1 5 22 121 4 57 20 8 6 0 16 10 1 29 21 14 14 14 14 7 7 7 7 7 2 2 2 2 1 1 1 1 1 1 1 1 0 0 0 0 0 0 0 0 0 0 0 0 0 0 0 0 0 0 0 0 0 0 0 0 0 0 0 0 0 0 0 0 0 0 0 0 0 16 34 16 37 17 29 39 21 29 8 31 18 6 23 0 
12 4 19 1 35 4 1 7 3 1 33 7 1 6 22 121 4 57 20 8 6 15 0 10 1 29 21 14 14 14 14 7 7 7 7 7 2 2 2 2 1 1 1 1 1 1 1 1 1 1 0 0 0 0 0 0 0 0 0 0 0 0 0 0 0 0 0 0 0 0 0 0 0 0 0 0 0 0 0 0 0 0 0 0 0 1 34 16 37 18 29 23 21 29 8 31 18 6 23 6 
12 0 19 1 35 4 2 7 3 1 33 7 2 6 22 121 4 57 20 8 6 15 16 0 1 29 21 14 14 14 14 7 7 7 7 7 2 2 2 2 1 1 1 1 1 1 1 1 1 1 1 1 0 0 0 0 0 0 0 0 0 0 0 0 0 0 0 0 0 0 0 0 0 0 0 0 0 0 0 0 0 0 0 0 0 16 35 16 37 18 29 39 21 29 4 31 18 6 23 6 
12 4 19 0 35 4 2 7 3 1 33 7 2 6 22 121 4 57 20 8 6 15 16 10 0 29 21 14 14 14 14 7 7 7 7 7 2 2 2 2 1 1 1 1 1 1 1 1 1 1 1 1 1 1 0 0 0 0 0 0 0 0 0 0 0 0 0 0 0 0 0 0 0 0 0 0 0 0 0 0 0 0 0 0 0 16 35 16 37 18 29 39 21 30 8 31 18 6 23 6 
2 4 8 1 34 0 1 7 3 1 33 7 1 5 22 120 4 57 20 4 5 4 2 9 1 0 0 0 0 0 0 0 0 0 0 0 0 0 0 0 0 0 0 0 0 0 0 0 0 0 0 0 0 0 0 0 0 0 0 0 0 0 0 0 0 0 0 0 0 0 0 0 0 0 0 0 0 0 0 0 0 0 0 0 0 3 34 15 30 17 25 25 21 29 8 30 18 5 16 4 
2 4 17 1 34 3 1 7 3 1 33 7 1 5 22 120 4 57 20 7 5 13 2 9 1 22 0 0 0 0 0 0 0 0 0 0 0 0 0 0 0 0 0 0 0 0 0 0 0 0 0 0 0 0 0 0 0 0 0 0 0 0 0 0 0 0 0 0 0 0 0 0 0 0 0 0 0 0 0 0 0 0 0 0 0 3 34 15 30 17 28 25 21 29 8 30 18 5 16 6 
12 4 17 1 34 3 1 7 3 1 33 7 1 5 22 120 4 57 20 7 5 13 2 9 1 22 21 0 0 0 0 0 0 0 0 0 0 0 0 0 0 0 0 0 0 0 0 0 0 0 0 0 0 0 0 0 0 0 0 0 0 0 0 0 0 0 0 0 0 0 0 0 0 0 0 0 0 0 0 0 0 0 0 0 0 3 34 15 30 17 28 25 21 29 8 30 18 5 16 6 
12 4 17 1 34 3 1 7 3 1 33 7 1 5 22 120 4 57 20 7 5 13 16 9 1 22 21 14 0 0 0 0 0 0 0 0 0 0 0 0 0 0 0 0 0 0 0 0 0 0 0 0 0 0 0 0 0 0 0 0 0 0 0 0 0 0 0 0 0 0 0 0 0 0 0 0 0 0 0 0 0 0 0 0 0 9 34 15 30 17 28 39 21 29 8 30 18 5 16 6 
12 4 17 1 34 3 1 7 3 1 33 7 1 5 22 120 4 57 20 7 5 13 16 9 1 22 21 14 14 0 0 0 0 0 0 0 0 0 0 0 0 0 0 0 0 0 0 0 0 0 0 0 0 0 0 0 0 0 0 0 0 0 0 0 0 0 0 0 0 0 0 0 0 0 0 0 0 0 0 0 0 0 0 0 0 9 34 15 30 17 28 39 21 29 8 30 18 5 16 6 
12 4 17 1 34 3 1 7 3 1 33 7 1 5 22 120 4 57 20 7 5 13 16 9 1 22 21 14 14 14 0 0 0 0 0 0 0 0 0 0 0 0 0 0 0 0 0 0 0 0 0 0 0 0 0 0 0 0 0 0 0 0 0 0 0 0 0 0 0 0 0 0 0 0 0 0 0 0 0 0 0 0 0 0 0 9 34 15 30 17 28 39 21 29 8 30 18 5 16 6 
12 4 17 1 34 3 1 7 3 1 33 7 1 5 22 120 4 57 20 7 5 13 16 9 1 22 21 14 14 14 14 0 0 0 0 0 0 0 0 0 0 0 0 0 0 0 0 0 0 0 0 0 0 0 0 0 0 0 0 0 0 0 0 0 0 0 0 0 0 0 0 0 0 0 0 0 0 0 0 0 0 0 0 0 0 9 34 15 30 17 28 39 21 29 8 30 18 5 16 6 
12 4 17 1 34 3 1 7 3 1 33 7 1 5 22 120 4 57 20 7 5 13 16 9 1 22 21 14 14 14 14 7 0 0 0 0 0 0 0 0 0 0 0 0 0 0 0 0 0 0 0 0 0 0 0 0 0 0 0 0 0 0 0 0 0 0 0 0 0 0 0 0 0 0 0 0 0 0 0 0 0 0 0 0 0 9 34 15 30 17 28 39 21 29 8 30 18 5 16 6 
12 4 17 1 34 3 1 7 3 1 33 7 1 5 22 120 4 57 20 7 5 13 16 9 1 29 21 14 14 14 14 7 7 0 0 0 0 0 0 0 0 0 0 0 0 0 0 0 0 0 0 0 0 0 0 0 0 0 0 0 0 0 0 0 0 0 0 0 0 0 0 0 0 0 0 0 0 0 0 0 0 0 0 0 0 9 34 15 30 17 28 39 21 29 8 30 18 5 16 6 
12 4 17 1 34 3 1 7 3 1 33 7 1 5 22 120 4 57 20 7 5 13 16 9 1 29 21 14 14 14 14 7 7 7 0 0 0 0 0 0 0 0 0 0 0 0 0 0 0 0 0 0 0 0 0 0 0 0 0 0 0 0 0 0 0 0 0 0 0 0 0 0 0 0 0 0 0 0 0 0 0 0 0 0 0 16 34 15 30 17 28 39 21 29 8 30 18 5 16 6 
12 4 17 1 34 3 1 7 3 1 33 7 1 5 22 120 4 57 20 7 5 13 16 9 1 29 21 14 14 14 14 7 7 7 7 0 0 0 0 0 0 0 0 0 0 0 0 0 0 0 0 0 0 0 0 0 0 0 0 0 0 0 0 0 0 0 0 0 0 0 0 0 0 0 0 0 0 0 0 0 0 0 0 0 0 16 34 15 37 17 28 39 21 29 8 30 18 5 16 6 
12 4 17 1 34 3 1 7 3 1 33 7 1 5 22 120 4 57 20 7 5 13 16 9 1 29 21 14 14 14 14 7 7 7 7 7 0 0 0 0 0 0 0 0 0 0 0 0 0 0 0 0 0 0 0 0 0 0 0 0 0 0 0 0 0 0 0 0 0 0 0 0 0 0 0 0 0 0 0 0 0 0 0 0 0 16 34 15 37 17 28 39 21 29 8 30 18 5 23 6 
12 4 19 1 34 3 1 7 3 1 33 7 1 5 22 120 4 57 20 7 5 15 16 9 1 29 21 14 14 14 14 7 7 7 7 7 2 0 0 0 0 0 0 0 0 0 0 0 0 0 0 0 0 0 0 0 0 0 0 0 0 0 0 0 0 0 0 0 0 0 0 0 0 0 0 0 0 0 0 0 0 0 0 0 0 16 34 15 37 17 28 39 21 29 8 30 18 5 23 6 
12 4 19 1 34 3 1 7 3 1 33 7 1 5 22 120 4 57 20 7 5 15 16 9 1 29 21 14 14 14 14 7 7 7 7 7 2 2 0 0 0 0 0 0 0 0 0 0 0 0 0 0 0 0 0 0 0 0 0 0 0 0 0 0 0 0 0 0 0 0 0 0 0 0 0 0 0 0 0 0 0 0 0 0 0 16 34 15 37 17 28 39 21 29 8 30 18 5 23 6 
12 4 19 1 34 3 1 7 3 1 33 7 1 5 22 120 4 57 20 7 5 15 16 9 1 29 21 14 14 14 14 7 7 7 7 7 2 2 2 0 0 0 0 0 0 0 0 0 0 0 0 0 0 0 0 0 0 0 0 0 0 0 0 0 0 0 0 0 0 0 0 0 0 0 0 0 0 0 0 0 0 0 0 0 0 16 34 15 37 17 28 39 21 29 8 30 18 5 23 6 
12 4 19 1 34 3 1 7 3 1 33 7 1 5 22 120 4 57 20 7 5 15 16 9 1 29 21 14 14 14 14 7 7 7 7 7 2 2 2 2 0 0 0 0 0 0 0 0 0 0 0 0 0 0 0 0 0 0 0 0 0 0 0 0 0 0 0 0 0 0 0 0 0 0 0 0 0 0 0 0 0 0 0 0 0 16 34 15 37 17 28 39 21 29 8 30 18 5 23 6 
12 4 19 1 34 3 1 7 3 1 33 7 1 5 22 120 4 57 20 7 5 15 16 9 1 29 21 14 14 14 14 7 7 7 7 7 2 2 2 2 1 0 0 0 0 0 0 0 0 0 0 0 0 0 0 0 0 0 0 0 0 0 0 0 0 0 0 0 0 0 0 0 0 0 0 0 0 0 0 0 0 0 0 0 0 16 34 15 37 17 28 39 21 29 8 30 18 5 23 6 
12 4 19 1 34 4 1 7 3 1 33 7 1 5 22 120 4 57 20 8 5 15 16 9 1 29 21 14 14 14 14 7 7 7 7 7 2 2 2 2 1 1 0 0 0 0 0 0 0 0 0 0 0 0 0 0 0 0 0 0 0 0 0 0 0 0 0 0 0 0 0 0 0 0 0 0 0 0 0 0 0 0 0 0 0 16 34 15 37 17 29 39 21 29 8 31 18 5 23 6 
12 4 19 1 34 4 1 7 3 1 33 7 1 5 22 120 4 57 20 8 6 15 16 9 1 29 21 14 14 14 14 7 7 7 7 7 2 2 2 2 1 1 1 0 0 0 0 0 0 0 0 0 0 0 0 0 0 0 0 0 0 0 0 0 0 0 0 0 0 0 0 0 0 0 0 0 0 0 0 0 0 0 0 0 0 16 34 16 37 17 29 39 21 29 8 31 18 6 23 6 
12 4 19 1 34 4 1 7 3 1 33 7 1 5 22 120 4 57 20 8 6 15 16 9 1 29 21 14 14 14 14 7 7 7 7 7 2 2 2 2 1 1 1 1 0 0 0 0 0 0 0 0 0 0 0 0 0 0 0 0 0 0 0 0 0 0 0 0 0 0 0 0 0 0 0 0 0 0 0 0 0 0 0 0 0 16 34 16 37 17 29 39 21 29 8 31 18 6 23 6 
12 4 19 1 34 4 1 7 3 1 33 7 1 5 22 120 4 57 20 8 6 15 16 9 1 29 21 14 14 14 14 7 7 7 7 7 2 2 2 2 1 1 1 1 1 0 0 0 0 0 0 0 0 0 0 0 0 0 0 0 0 0 0 0 0 0 0 0 0 0 0 0 0 0 0 0 0 0 0 0 0 0 0 0 0 16 34 16 37 17 29 39 21 29 8 31 18 6 23 6 
12 4 19 1 35 4 1 7 3 1 33 7 1 5 22 121 4 57 20 8 6 15 16 9 1 29 21 14 14 14 14 7 7 7 7 7 2 2 2 2 1 1 1 1 1 1 0 0 0 0 0 0 0 0 0 0 0 0 0 0 0 0 0 0 0 0 0 0 0 0 0 0 0 0 0 0 0 0 0 0 0 0 0 0 0 16 34 16 37 17 29 39 21 29 8 31 18 6 23 6 
12 4 19 1 35 4 1 7 3 1 33 7 1 5 22 121 4 57 20 8 6 15 16 9 1 29 21 14 14 14 14 7 7 7 7 7 2 2 2 2 1 1 1 1 1 1 1 0 0 0 0 0 0 0 0 0 0 0 0 0 0 0 0 0 0 0 0 0 0 0 0 0 0 0 0 0 0 0 0 0 0 0 0 0 0 16 34 16 37 17 29 39 21 29 8 31 18 6 23 6 
12 4 19 1 35 4 1 7 3 1 33 7 1 5 22 121 4 57 20 8 6 15 16 10 1 29 21 14 14 14 14 7 7 7 7 7 2 2 2 2 1 1 1 1 1 1 1 1 0 0 0 0 0 0 0 0 0 0 0 0 0 0 0 0 0 0 0 0 0 0 0 0 0 0 0 0 0 0 0 0 0 0 0 0 0 16 34 16 37 17 29 39 21 29 8 31 18 6 23 6 
12 4 19 1 35 4 1 7 3 1 33 7 1 6 22 121 4 57 20 8 6 15 16 10 1 29 21 14 14 14 14 7 7 7 7 7 2 2 2 2 1 1 1 1 1 1 1 1 1 0 0 0 0 0 0 0 0 0 0 0 0 0 0 0 0 0 0 0 0 0 0 0 0 0 0 0 0 0 0 0 0 0 0 0 0 16 34 16 37 18 29 39 21 29 8 31 18 6 23 6 
12 4 19 1 35 4 1 7 3 1 33 7 1 6 22 121 4 57 20 8 6 15 16 10 1 29 21 14 14 14 14 7 7 7 7 7 2 2 2 2 1 1 1 1 1 1 1 1 1 1 0 0 0 0 0 0 0 0 0 0 0 0 0 0 0 0 0 0 0 0 0 0 0 0 0 0 0 0 0 0 0 0 0 0 0 16 34 16 37 18 29 39 21 29 8 31 18 6 23 6 
12 4 19 1 35 4 2 7 3 1 33 7 1 6 22 121 4 57 20 8 6 15 16 10 1 29 21 14 14 14 14 7 7 7 7 7 2 2 2 2 1 1 1 1 1 1 1 1 1 1 1 0 0 0 0 0 0 0 0 0 0 0 0 0 0 0 0 0 0 0 0 0 0 0 0 0 0 0 0 0 0 0 0 0 0 16 34 16 37 18 29 39 21 29 8 31 18 6 23 6 
12 4 19 1 35 4 2 7 3 1 33 7 2 6 22 121 4 57 20 8 6 15 16 10 1 29 21 14 14 14 14 7 7 7 7 7 2 2 2 2 1 1 1 1 1 1 1 1 1 1 1 1 0 0 0 0 0 0 0 0 0 0 0 0 0 0 0 0 0 0 0 0 0 0 0 0 0 0 0 0 0 0 0 0 0 16 35 16 37 18 29 39 21 29 8 31 18 6 23 6 
12 4 19 1 35 4 2 7 3 1 33 7 2 6 22 121 4 57 20 8 6 15 16 10 1 29 21 14 14 14 14 7 7 7 7 7 2 2 2 2 1 1 1 1 1 1 1 1 1 1 1 1 1 0 0 0 0 0 0 0 0 0 0 0 0 0 0 0 0 0 0 0 0 0 0 0 0 0 0 0 0 0 0 0 0 16 35 16 37 18 29 39 21 30 8 31 18 6 23 6 
12 4 19 1 35 4 2 7 3 1 33 7 2 6 22 121 4 57 20 8 6 15 16 10 1 29 21 14 14 14 14 7 7 7 7 7 2 2 2 2 1 1 1 1 1 1 1 1 1 1 1 1 1 1 0 0 0 0 0 0 0 0 0 0 0 0 0 0 0 0 0 0 0 0 0 0 0 0 0 0 0 0 0 0 0 16 35 16 37 18 29 39 21 30 8 31 18 6 23 6 
12 4 19 1 35 4 2 7 3 1 33 7 2 6 22 121 4 57 20 8 6 15 16 10 1 29 21 14 14 14 14 7 7 7 7 7 2 2 2 2 1 1 1 1 1 1 1 1 1 1 1 1 1 1 1 0 0 0 0 0 0 0 0 0 0 0 0 0 0 0 0 0 0 0 0 0 0 0 0 0 0 0 0 0 0 16 35 16 37 18 29 39 21 30 8 31 18 6 23 6 
12 4 19 1 35 4 2 7 3 1 33 7 2 6 22 121 4 57 20 8 6 15 16 10 1 29 21 14 14 14 14 7 7 7 7 7 2 2 2 2 1 1 1 1 1 1 1 1 1 1 1 1 1 1 1 1 0 0 0 0 0 0 0 0 0 0 0 0 0 0 0 0 0 0 0 0 0 0 0 0 0 0 0 0 0 16 35 16 37 18 29 39 21 30 8 31 18 6 23 6 
12 4 19 1 35 4 2 7 3 1 33 7 2 6 23 121 4 57 20 8 6 15 16 10 1 29 21 14 14 14 14 7 7 7 7 7 2 2 2 2 1 1 1 1 1 1 1 1 1 1 1 1 1 1 1 1 1 0 0 0 0 0 0 0 0 0 0 0 0 0 0 0 0 0 0 0 0 0 0 0 0 0 0 0 0 16 35 16 37 18 29 39 21 30 8 31 18 6 23 6 
12 4 19 1 35 4 2 7 3 2 33 7 2 6 23 121 5 57 20 8 6 15 16 10 1 29 21 14 14 14 14 7 7 7 7 7 2 2 2 2 1 1 1 1 1 1 1 1 1 1 1 1 1 1 1 1 1 1 0 0 0 0 0 0 0 0 0 0 0 0 0 0 0 0 0 0 0 0 0 0 0 0 0 0 0 16 35 16 37 18 29 39 22 30 8 31 18 6 23 6 
12 4 19 1 35 4 2 7 3 2 34 7 2 6 23 121 5 57 20 8 6 15 16 10 1 29 21 14 14 14 14 7 7 7 7 7 2 2 2 2 1 1 1 1 1 1 1 1 1 1 1 1 1 1 1 1 1 1 1 0 0 0 0 0 0 0 0 0 0 0 0 0 0 0 0 0 0 0 0 0 0 0 0 0 0 16 35 16 37 18 29 39 22 30 8 31 18 6 23 6 
13 4 19 1 35 4 2 7 4 2 34 7 2 6 23 121 5 57 20 8 6 15 16 10 1 29 22 14 14 14 14 7 7 7 7 7 2 2 2 2 1 1 1 1 1 1 1 1 1 1 1 1 1 1 1 1 1 1 1 1 0 0 0 0 0 0 0 0 0 0 0 0 0 0 0 0 0 0 0 0 0 0 0 0 0 16 35 16 37 18 29 39 22 30 8 31 18 6 23 6 
13 4 19 1 35 4 2 7 4 2 34 7 2 6 23 121 5 57 20 8 6 15 17 10 1 29 22 15 15 15 15 7 7 7 7 7 2 2 2 2 1 1 1 1 1 1 1 1 1 1 1 1 1 1 1 1 1 1 1 1 1 0 0 0 0 0 0 0 0 0 0 0 0 0 0 0 0 0 0 0 0 0 0 0 0 16 35 16 37 18 29 39 22 30 8 31 18 6 23 6 
13 4 19 1 35 4 2 7 4 2 34 7 2 6 23 121 5 57 20 8 6 15 17 10 1 29 22 15 15 15 15 7 7 7 7 7 2 2 2 2 1 1 1 1 1 1 1 1 1 1 1 1 1 1 1 1 1 1 1 1 1 1 0 0 0 0 0 0 0 0 0 0 0 0 0 0 0 0 0 0 0 0 0 0 0 16 35 16 37 18 29 39 22 30 8 31 18 6 23 6 
13 4 19 1 35 4 2 7 4 2 34 7 2 6 23 121 5 57 20 8 6 15 17 10 1 29 22 15 15 15 15 7 7 7 7 7 2 2 2 2 1 1 1 1 1 1 1 1 1 1 1 1 1 1 1 1 1 1 1 1 1 1 1 0 0 0 0 0 0 0 0 0 0 0 0 0 0 0 0 0 0 0 0 0 0 16 35 16 37 18 29 39 22 30 8 31 18 6 23 6 
13 4 19 1 35 4 2 7 4 2 34 7 2 6 23 121 5 57 20 8 6 15 17 10 1 29 22 15 15 15 15 7 7 7 7 7 2 2 2 2 1 1 1 1 1 1 1 1 1 1 1 1 1 1 1 1 1 1 1 1 1 1 1 1 0 0 0 0 0 0 0 0 0 0 0 0 0 0 0 0 0 0 0 0 0 16 35 16 37 18 29 39 22 30 8 31 18 6 23 6 
13 5 19 1 35 4 2 7 4 2 34 7 2 6 23 121 5 57 20 8 6 15 17 10 1 29 22 15 15 15 15 7 7 7 7 7 2 2 2 2 1 1 1 1 1 1 1 1 1 1 1 1 1 1 1 1 1 1 1 1 1 1 1 1 1 0 0 0 0 0 0 0 0 0 0 0 0 0 0 0 0 0 0 0 0 16 35 16 37 18 29 39 22 30 9 31 19 6 23 6 
13 5 19 1 35 4 2 7 4 2 34 7 2 6 23 121 5 57 20 8 6 15 17 10 1 29 22 15 15 15 15 7 7 7 7 7 2 2 2 2 1 1 1 1 1 1 1 1 1 1 1 1 1 1 1 1 1 1 1 1 1 1 1 1 1 1 0 0 0 0 0 0 0 0 0 0 0 0 0 0 0 0 0 0 0 16 35 16 37 18 29 39 22 30 9 31 19 6 23 6 
13 5 19 1 35 4 2 7 4 2 34 7 2 6 23 121 5 57 20 8 6 15 17 10 1 29 22 15 15 15 15 7 7 7 7 7 2 2 2 2 1 1 1 1 1 1 1 1 1 1 1 1 1 1 1 1 1 1 1 1 1 1 1 1 1 1 1 0 0 0 0 0 0 0 0 0 0 0 0 0 0 0 0 0 0 16 35 16 37 18 29 40 22 30 9 31 19 6 23 7 
13 5 19 1 35 4 2 7 4 2 34 7 2 6 23 121 5 57 20 8 6 15 17 10 1 29 22 15 15 15 15 7 7 7 7 7 2 2 2 2 1 1 1 1 1 1 1 1 1 1 1 1 1 1 1 1 1 1 1 1 1 1 1 1 1 1 1 1 0 0 0 0 0 0 0 0 0 0 0 0 0 0 0 0 0 16 35 16 37 18 29 40 22 30 9 31 19 6 23 7 
13 5 19 1 35 4 2 7 4 2 34 7 2 6 23 121 5 57 20 8 6 15 17 10 1 29 22 15 15 15 15 7 7 7 7 7 2 2 2 2 1 1 1 1 1 1 1 1 1 1 1 1 1 1 1 1 1 1 1 1 1 1 1 1 1 1 1 1 1 0 0 0 0 0 0 0 0 0 0 0 0 0 0 0 0 16 35 16 37 18 29 40 22 30 9 31 19 6 23 7 
13 5 20 1 35 4 2 7 4 2 34 7 2 6 23 121 5 58 20 8 6 16 17 10 1 29 22 15 15 15 15 7 7 7 7 7 3 3 3 3 1 1 1 1 1 1 1 1 1 1 1 1 1 1 1 1 1 1 1 1 1 1 1 1 1 1 1 1 1 1 0 0 0 0 0 0 0 0 0 0 0 0 0 0 0 16 35 16 37 18 29 40 22 30 9 31 19 6 23 7 
13 5 20 1 35 4 2 7 4 2 34 7 2 6 23 121 5 58 20 8 6 16 17 10 1 29 22 15 15 15 15 7 7 7 7 7 3 3 3 3 1 1 1 1 1 1 1 1 1 1 1 1 1 1 1 1 1 1 1 1 1 1 1 1 1 1 1 1 1 1 1 0 0 0 0 0 0 0 0 0 0 0 0 0 0 16 35 16 37 18 29 40 22 30 9 31 19 6 23 7 
13 5 20 2 35 4 2 8 4 2 34 7 2 6 23 121 5 58 20 8 6 16 17 10 2 29 22 15 15 15 15 7 7 7 7 7 3 3 3 3 1 1 1 1 1 1 1 1 1 1 1 1 1 1 1 1 1 1 1 1 1 1 1 1 1 1 1 1 1 1 1 1 0 0 0 0 0 0 0 0 0 0 0 0 0 16 35 16 37 18 29 40 22 30 9 31 19 6 23 7 
13 5 20 2 35 4 2 8 4 2 34 7 2 6 23 121 5 58 20 8 6 16 17 10 2 29 22 15 15 15 15 7 7 7 7 7 3 3 3 3 1 1 1 1 1 1 1 1 1 1 1 1 1 1 1 1 1 1 1 1 1 1 1 1 1 1 1 1 1 1 1 1 1 0 0 0 0 0 0 0 0 0 0 0 0 16 35 16 37 18 29 40 22 30 9 31 19 6 23 7 
19 11 24 8 41 4 8 14 10 8 40 7 8 12 29 127 11 64 27 8 12 20 23 16 8 29 27 21 21 21 21 7 7 7 7 7 7 7 7 7 7 7 7 7 7 7 7 7 7 7 7 7 7 7 7 7 7 7 7 7 7 7 7 7 7 7 7 7 7 7 7 7 7 7 0 0 0 0 0 0 0 0 0 0 0 16 41 22 37 24 29 42 28 36 15 37 25 12 23 13 
19 11 24 8 41 4 8 14 10 8 40 7 8 12 29 127 11 64 27 8 12 20 23 16 8 29 27 21 21 21 21 7 7 7 7 7 7 7 7 7 7 7 7 7 7 7 7 7 7 7 7 7 7 7 7 7 7 7 7 7 7 7 7 7 7 7 7 7 7 7 7 7 7 7 7 0 0 0 0 0 0 0 0 0 0 16 41 22 37 24 29 42 28 36 15 37 25 12 23 13 
19 11 24 8 41 4 8 14 10 8 40 7 8 12 29 127 11 64 27 8 12 20 23 16 8 29 27 21 21 21 21 7 7 7 7 7 7 7 7 7 7 7 7 7 7 7 7 7 7 7 7 7 7 7 7 7 7 7 7 7 7 7 7 7 7 7 7 7 7 7 7 7 7 7 7 7 0 0 0 0 0 0 0 0 0 16 41 22 37 24 29 42 28 36 15 37 25 12 23 13 
23 15 30 12 45 4 12 18 14 12 44 7 12 16 33 131 15 68 30 8 16 26 27 20 12 39 27 25 25 25 25 17 17 17 17 17 13 13 13 13 11 11 11 11 11 11 11 11 11 11 11 11 11 11 11 11 11 11 11 11 11 11 11 11 11 11 11 11 11 11 11 11 11 10 10 10 10 0 0 0 0 0 0 0 0 18 45 26 47 28 29 42 32 40 19 41 29 16 33 17 
23 15 30 12 45 4 12 18 14 12 44 7 12 16 33 131 15 68 30 8 16 26 27 20 12 39 27 25 25 25 25 17 17 17 17 17 13 13 13 13 11 11 11 11 11 11 11 11 11 11 11 11 11 11 11 11 11 11 11 11 11 11 11 11 11 11 11 11 11 11 11 11 11 10 10 10 10 10 0 0 0 0 0 0 0 18 45 26 47 28 29 50 32 40 19 41 29 16 33 17 
23 15 30 12 45 4 12 18 14 12 44 12 12 16 33 131 15 68 30 8 16 26 27 20 12 39 27 25 25 25 25 17 17 17 17 17 13 13 13 13 11 11 11 11 11 11 11 11 11 11 11 11 11 11 11 11 11 11 11 11 11 11 11 11 11 11 11 11 11 11 11 11 11 10 10 10 10 10 10 0 0 0 0 0 0 18 45 26 47 28 29 50 32 40 19 41 29 16 33 17 
23 15 30 12 45 4 12 18 14 12 44 12 12 16 33 131 15 68 30 8 16 26 27 20 12 39 27 25 25 25 25 17 17 17 17 17 13 13 13 13 11 11 11 11 11 11 11 11 11 11 11 11 11 11 11 11 11 11 11 11 11 11 11 11 11 11 11 11 11 11 11 11 11 10 10 10 10 10 10 10 0 0 0 0 0 18 45 26 47 28 29 50 32 40 19 41 29 16 33 17 
23 15 30 12 45 4 12 18 14 12 44 12 12 16 33 131 15 68 30 8 16 26 27 20 12 39 27 25 25 25 25 17 17 17 17 17 13 13 13 13 11 11 11 11 11 11 11 11 11 11 11 11 11 11 11 11 11 11 11 11 11 11 11 11 11 11 11 11 11 11 11 11 11 10 10 10 10 10 10 10 10 0 0 0 0 18 45 26 47 28 29 50 32 40 19 41 29 16 33 17 
29 22 36 18 52 4 19 24 21 19 51 19 19 23 40 138 22 74 37 8 18 32 29 27 18 46 27 27 27 27 27 24 24 24 24 24 19 19 19 19 18 18 18 18 18 18 18 18 18 18 18 18 18 18 18 18 18 18 18 18 18 18 18 18 18 18 18 18 18 17 17 17 17 17 17 17 17 17 17 17 17 17 0 0 0 18 52 28 54 35 29 52 39 47 26 48 36 18 40 19 
29 27 42 23 57 4 24 29 26 24 56 29 24 28 45 143 27 80 42 8 18 38 29 32 23 49 27 27 27 27 27 27 27 27 27 27 25 25 25 25 23 23 23 23 23 23 23 23 23 23 23 23 23 23 23 23 23 23 23 23 23 23 23 23 23 23 23 23 23 23 22 22 22 22 22 22 22 22 22 21 21 21 21 0 0 18 57 28 57 40 29 52 44 52 31 53 41 18 43 19 
999999 999999 999999 999999 999999 999999 999999 999999 999999 999999 999999 999999 999999 999999 999999 999999 999999 999999 999999 999999 999999 999999 999999 999999 999999 999999 999999 999999 999999 999999 999999 999999 999999 999999 999999 999999 999999 999999 999999 999999 999999 999999 999999 999999 999999 999999 999999 999999 999999 999999 999999 999999 999999 999999 999999 999999 999999 999999 999999 999999 999999 999999 999999 999999 999999 999999 999999 999999 999999 999999 999999 999999 999999 999999 999999 999999 999999 999999 999999 999999 999999 999999 999999 999999 0 999999 999999 999999 999999 999999 999999 999999 999999 999999 999999 999999 999999 999999 999999 999999 
999999 999999 999999 999999 999999 999999 999999 999999 999999 999999 999999 999999 999999 999999 999999 999999 999999 999999 999999 999999 999999 999999 999999 999999 999999 999999 999999 999999 999999 999999 999999 999999 999999 999999 999999 999999 999999 999999 999999 999999 999999 999999 999999 999999 999999 999999 999999 999999 999999 999999 999999 999999 999999 999999 999999 999999 999999 999999 999999 999999 999999 999999 999999 999999 999999 999999 999999 999999 999999 999999 999999 999999 999999 999999 999999 999999 999999 999999 999999 999999 999999 999999 999999 999999 999999 0 999999 999999 999999 999999 999999 999999 999999 999999 999999 999999 999999 999999 999999 999999 
999999 999999 999999 999999 999999 999999 999999 999999 999999 999999 999999 999999 999999 999999 999999 999999 999999 999999 999999 999999 999999 999999 999999 999999 999999 999999 999999 999999 999999 999999 999999 999999 999999 999999 999999 999999 999999 999999 999999 999999 999999 999999 999999 999999 999999 999999 999999 999999 999999 999999 999999 999999 999999 999999 999999 999999 999999 999999 999999 999999 999999 999999 999999 999999 999999 999999 999999 999999 999999 999999 999999 999999 999999 999999 999999 999999 999999 999999 999999 999999 999999 999999 999999 999999 999999 999999 0 999999 999999 999999 999999 999999 999999 999999 999999 999999 999999 999999 999999 999999 
999999 999999 999999 999999 999999 999999 999999 999999 999999 999999 999999 999999 999999 999999 999999 999999 999999 999999 999999 999999 999999 999999 999999 999999 999999 999999 999999 999999 999999 999999 999999 999999 999999 999999 999999 999999 999999 999999 999999 999999 999999 999999 999999 999999 999999 999999 999999 999999 999999 999999 999999 999999 999999 999999 999999 999999 999999 999999 999999 999999 999999 999999 999999 999999 999999 999999 999999 999999 999999 999999 999999 999999 999999 999999 999999 999999 999999 999999 999999 999999 999999 999999 999999 999999 999999 999999 999999 0 999999 999999 999999 999999 999999 999999 999999 999999 999999 999999 999999 999999 
999999 999999 999999 999999 999999 999999 999999 999999 999999 999999 999999 999999 999999 999999 999999 999999 999999 999999 999999 999999 999999 999999 999999 999999 999999 999999 999999 999999 999999 999999 999999 999999 999999 999999 999999 999999 999999 999999 999999 999999 999999 999999 999999 999999 999999 999999 999999 999999 999999 999999 999999 999999 999999 999999 999999 999999 999999 999999 999999 999999 999999 999999 999999 999999 999999 999999 999999 999999 999999 999999 999999 999999 999999 999999 999999 999999 999999 999999 999999 999999 999999 999999 999999 999999 999999 999999 999999 999999 0 999999 999999 999999 999999 999999 999999 999999 999999 999999 999999 999999 
999999 999999 999999 999999 999999 999999 999999 999999 999999 999999 999999 999999 999999 999999 999999 999999 999999 999999 999999 999999 999999 999999 999999 999999 999999 999999 999999 999999 999999 999999 999999 999999 999999 999999 999999 999999 999999 999999 999999 999999 999999 999999 999999 999999 999999 999999 999999 999999 999999 999999 999999 999999 999999 999999 999999 999999 999999 999999 999999 999999 999999 999999 999999 999999 999999 999999 999999 999999 999999 999999 999999 999999 999999 999999 999999 999999 999999 999999 999999 999999 999999 999999 999999 999999 999999 999999 999999 999999 999999 0 999999 999999 999999 999999 999999 999999 999999 999999 999999 999999 
999999 999999 999999 999999 999999 999999 999999 999999 999999 999999 999999 999999 999999 999999 999999 999999 999999 999999 999999 999999 999999 999999 999999 999999 999999 999999 999999 999999 999999 999999 999999 999999 999999 999999 999999 999999 999999 999999 999999 999999 999999 999999 999999 999999 999999 999999 999999 999999 999999 999999 999999 999999 999999 999999 999999 999999 999999 999999 999999 999999 999999 999999 999999 999999 999999 999999 999999 999999 999999 999999 999999 999999 999999 999999 999999 999999 999999 999999 999999 999999 999999 999999 999999 999999 999999 999999 999999 999999 999999 999999 0 999999 999999 999999 999999 999999 999999 999999 999999 999999 
999999 999999 999999 999999 999999 999999 999999 999999 999999 999999 999999 999999 999999 999999 999999 999999 999999 999999 999999 999999 999999 999999 999999 999999 999999 999999 999999 999999 999999 999999 999999 999999 999999 999999 999999 999999 999999 999999 999999 999999 999999 999999 999999 999999 999999 999999 999999 999999 999999 999999 999999 999999 999999 999999 999999 999999 999999 999999 999999 999999 999999 999999 999999 999999 999999 999999 999999 999999 999999 999999 999999 999999 999999 999999 999999 999999 999999 999999 999999 999999 999999 999999 999999 999999 999999 999999 999999 999999 999999 999999 999999 0 999999 999999 999999 999999 999999 999999 999999 999999 
999999 999999 999999 999999 999999 999999 999999 999999 999999 999999 999999 999999 999999 999999 999999 999999 999999 999999 999999 999999 999999 999999 999999 999999 999999 999999 999999 999999 999999 999999 999999 999999 999999 999999 999999 999999 999999 999999 999999 999999 999999 999999 999999 999999 999999 999999 999999 999999 999999 999999 999999 999999 999999 999999 999999 999999 999999 999999 999999 999999 999999 999999 999999 999999 999999 999999 999999 999999 999999 999999 999999 999999 999999 999999 999999 999999 999999 999999 999999 999999 999999 999999 999999 999999 999999 999999 999999 999999 999999 999999 999999 999999 0 999999 999999 999999 999999 999999 999999 999999 
999999 999999 999999 999999 999999 999999 999999 999999 999999 999999 999999 999999 999999 999999 999999 999999 999999 999999 999999 999999 999999 999999 999999 999999 999999 999999 999999 999999 999999 999999 999999 999999 999999 999999 999999 999999 999999 999999 999999 999999 999999 999999 999999 999999 999999 999999 999999 999999 999999 999999 999999 999999 999999 999999 999999 999999 999999 999999 999999 999999 999999 999999 999999 999999 999999 999999 999999 999999 999999 999999 999999 999999 999999 999999 999999 999999 999999 999999 999999 999999 999999 999999 999999 999999 999999 999999 999999 999999 999999 999999 999999 999999 999999 0 999999 999999 999999 999999 999999 999999 
999999 999999 999999 999999 999999 999999 999999 999999 999999 999999 999999 999999 999999 999999 999999 999999 999999 999999 999999 999999 999999 999999 999999 999999 999999 999999 999999 999999 999999 999999 999999 999999 999999 999999 999999 999999 999999 999999 999999 999999 999999 999999 999999 999999 999999 999999 999999 999999 999999 999999 999999 999999 999999 999999 999999 999999 999999 999999 999999 999999 999999 999999 999999 999999 999999 999999 999999 999999 999999 999999 999999 999999 999999 999999 999999 999999 999999 999999 999999 999999 999999 999999 999999 999999 999999 999999 999999 999999 999999 999999 999999 999999 999999 999999 0 999999 999999 999999 999999 999999 
999999 999999 999999 999999 999999 999999 999999 999999 999999 999999 999999 999999 999999 999999 999999 999999 999999 999999 999999 999999 999999 999999 999999 999999 999999 999999 999999 999999 999999 999999 999999 999999 999999 999999 999999 999999 999999 999999 999999 999999 999999 999999 999999 999999 999999 999999 999999 999999 999999 999999 999999 999999 999999 999999 999999 999999 999999 999999 999999 999999 999999 999999 999999 999999 999999 999999 999999 999999 999999 999999 999999 999999 999999 999999 999999 999999 999999 999999 999999 999999 999999 999999 999999 999999 999999 999999 999999 999999 999999 999999 999999 999999 999999 999999 999999 0 999999 999999 999999 999999 
999999 999999 999999 999999 999999 999999 999999 999999 999999 999999 999999 999999 999999 999999 999999 999999 999999 999999 999999 999999 999999 999999 999999 999999 999999 999999 999999 999999 999999 999999 999999 999999 999999 999999 999999 999999 999999 999999 999999 999999 999999 999999 999999 999999 999999 999999 999999 999999 999999 999999 999999 999999 999999 999999 999999 999999 999999 999999 999999 999999 999999 999999 999999 999999 999999 999999 999999 999999 999999 999999 999999 999999 999999 999999 999999 999999 999999 999999 999999 999999 999999 999999 999999 999999 999999 999999 999999 999999 999999 999999 999999 999999 999999 999999 999999 999999 0 999999 999999 999999 
999999 999999 999999 999999 999999 999999 999999 999999 999999 999999 999999 999999 999999 999999 999999 999999 999999 999999 999999 999999 999999 999999 999999 999999 999999 999999 999999 999999 999999 999999 999999 999999 999999 999999 999999 999999 999999 999999 999999 999999 999999 999999 999999 999999 999999 999999 999999 999999 999999 999999 999999 999999 999999 999999 999999 999999 999999 999999 999999 999999 999999 999999 999999 999999 999999 999999 999999 999999 999999 999999 999999 999999 999999 999999 999999 999999 999999 999999 999999 999999 999999 999999 999999 999999 999999 999999 999999 999999 999999 999999 999999 999999 999999 999999 999999 999999 999999 0 999999 999999 
999999 999999 999999 999999 999999 999999 999999 999999 999999 999999 999999 999999 999999 999999 999999 999999 999999 999999 999999 999999 999999 999999 999999 999999 999999 999999 999999 999999 999999 999999 999999 999999 999999 999999 999999 999999 999999 999999 999999 999999 999999 999999 999999 999999 999999 999999 999999 999999 999999 999999 999999 999999 999999 999999 999999 999999 999999 999999 999999 999999 999999 999999 999999 999999 999999 999999 999999 999999 999999 999999 999999 999999 999999 999999 999999 999999 999999 999999 999999 999999 999999 999999 999999 999999 999999 999999 999999 999999 999999 999999 999999 999999 999999 999999 999999 999999 999999 999999 0 999999 
999999 999999 999999 999999 999999 999999 999999 999999 999999 999999 999999 999999 999999 999999 999999 999999 999999 999999 999999 999999 999999 999999 999999 999999 999999 999999 999999 999999 999999 999999 999999 999999 999999 999999 999999 999999 999999 999999 999999 999999 999999 999999 999999 999999 999999 999999 999999 999999 999999 999999 999999 999999 999999 999999 999999 999999 999999 999999 999999 999999 999999 999999 999999 999999 999999 999999 999999 999999 999999 999999 999999 999999 999999 999999 999999 999999 999999 999999 999999 999999 999999 999999 999999 999999 999999 999999 999999 999999 999999 999999 999999 999999 999999 999999 999999 999999 999999 999999 999999 0 
0.129232 