0 3 13 4 5 13 4 7 6 19 5 5 13 4 5 7 5 7 5 9 12 10 6 5 13 4 9 11 7 8 10 4 7 10 24 10 14 6 13 21 6 4 3 3 3 3 3 3 3 3 4 3 3 3 3 3 3 3 3 4 3 3 3 3 3 3 3 3 4 3 3 3 3 3 3 3 3 4 3 3 3 3 3 3 3 3 4 3 3 3 3 3 3 3 3 4 3 4 3 3 3 3 3 3 4 3 4 3 3 6 3 4 3 4 3 4 3 3 6 3 4 3 4 3 4 3 3 6 3 4 3 4 3 4 3 3 6 3 4 3 4 3 4 3 3 6 3 4 3 4 3 4 3 3 6 3 4 3 4 3 4 3 3 6 3 4 3 4 3 4 3 3 6 3 4 3 4 3 4 3 3 15 3 4 3 4 3 4 3 3 19 3 7 3 4 3 4 3 15 3 
17 0 20 11 12 20 11 14 13 26 12 12 20 11 12 14 12 14 12 16 19 17 13 12 20 11 16 18 14 15 17 11 14 17 31 17 21 13 20 28 13 11 10 10 10 10 10 10 10 10 11 10 10 10 10 10 10 10 10 11 10 10 10 10 10 10 10 10 11 10 10 10 10 10 10 10 10 11 10 10 10 10 10 10 10 10 11 10 10 10 10 10 10 10 10 11 10 11 10 10 10 10 10 10 11 10 11 10 10 13 10 11 10 11 10 11 10 10 13 10 11 10 11 10 11 10 10 13 10 11 10 11 10 11 10 10 13 10 11 10 11 10 11 10 10 13 10 11 10 11 10 11 10 10 13 10 11 10 11 10 11 10 10 13 10 11 10 11 10 11 10 10 13 10 11 10 11 10 11 10 10 22 10 11 10 11 10 11 10 10 26 10 14 10 11 10 11 10 22 10 
8 1 0 2 3 11 2 5 4 16 3 3 11 2 3 5 3 5 3 7 10 8 4 2 11 2 7 9 4 6 8 2 5 8 16 8 12 4 11 19 4 2 1 1 1 1 1 1 1 1 2 1 1 1 1 1 1 1 1 2 1 1 1 1 1 1 1 1 2 1 1 1 1 1 1 1 1 2 1 1 1 1 1 1 1 1 2 1 1 1 1 1 1 1 1 2 1 1 1 1 1 1 1 1 2 1 1 1 1 4 1 2 1 2 1 1 1 1 4 1 2 1 2 1 1 1 1 4 1 2 1 2 1 1 1 1 4 1 2 1 2 1 1 1 1 4 1 2 1 2 1 1 1 1 4 1 2 1 2 1 1 1 1 4 1 2 1 2 1 1 1 1 4 1 2 1 2 1 1 1 1 13 1 2 1 2 1 1 1 1 17 1 5 1 2 1 1 1 13 1 
10 3 10 0 5 13 4 7 3 19 5 5 13 4 5 7 5 7 5 7 12 9 6 5 13 4 9 10 7 8 10 4 7 10 24 10 12 6 13 21 6 1 3 3 3 3 3 3 3 3 1 3 3 3 3 3 3 3 3 1 3 3 3 3 3 3 3 3 1 3 3 3 3 3 3 3 3 1 3 3 3 3 3 3 3 3 1 3 3 3 3 3 3 3 3 1 3 4 3 3 3 3 3 3 1 3 4 3 3 3 3 4 3 1 3 4 3 3 3 3 4 3 1 3 4 3 3 3 3 4 3 1 3 4 3 3 3 3 4 3 4 3 4 3 3 3 3 4 3 4 3 4 3 3 3 3 4 3 4 3 4 3 3 3 3 4 3 4 3 4 3 3 3 3 4 3 4 3 4 3 3 15 3 4 3 4 3 4 3 3 19 3 7 3 4 3 4 3 13 3 
24 17 27 18 0 27 18 21 20 33 19 19 27 18 19 21 19 21 19 23 26 24 20 19 27 18 23 25 21 22 24 18 21 16 38 24 28 20 27 35 20 18 17 17 17 17 17 17 17 17 18 17 17 17 17 17 17 17 17 18 17 17 17 17 17 17 17 17 18 17 17 17 17 17 17 17 17 18 17 17 17 17 17 17 17 17 18 17 17 17 17 17 17 17 17 18 17 18 17 17 17 17 17 17 18 17 18 17 17 20 17 18 17 18 17 18 17 17 20 17 18 17 18 17 18 17 17 20 17 18 17 18 17 18 17 17 20 17 18 17 18 17 18 17 17 20 17 18 17 18 17 18 17 17 20 17 18 17 18 17 18 17 17 20 17 18 17 18 17 18 17 17 20 17 18 17 18 17 18 17 17 29 17 18 17 18 17 18 17 17 33 17 21 17 18 17 18 17 29 17 
16 9 19 10 11 0 10 13 12 25 11 11 19 10 11 12 11 13 11 15 18 16 12 11 19 10 15 17 13 14 16 10 13 16 30 16 20 12 19 27 12 10 9 9 9 9 9 9 9 9 10 9 9 9 9 9 9 9 9 10 9 9 9 9 9 9 9 9 10 9 9 9 9 9 9 9 9 10 9 9 9 9 9 9 9 9 10 9 9 9 9 9 9 9 9 10 9 10 9 9 9 9 9 9 10 9 10 9 9 12 9 9 9 10 9 10 9 9 12 9 9 9 10 9 10 9 9 12 9 10 9 10 9 10 9 9 12 9 10 9 10 9 10 9 9 12 9 10 9 10 9 10 9 9 12 9 10 9 10 9 10 9 9 12 9 10 9 10 9 10 9 9 12 9 10 9 10 9 10 9 9 21 9 10 9 10 9 10 9 9 25 9 13 9 10 9 10 9 21 9 
13 6 13 4 8 16 0 10 6 22 8 8 16 7 8 10 1 10 8 10 15 7 9 8 16 7 12 13 10 11 13 7 10 6 27 13 15 9 16 24 9 4 6 6 6 6 6 6 6 6 4 6 6 6 6 6 6 6 6 4 6 6 6 6 6 6 6 6 4 6 6 6 6 6 6 6 6 4 6 6 6 6 6 6 6 6 4 6 6 6 6 6 6 6 6 4 6 7 6 6 6 6 6 6 4 6 7 6 6 6 6 7 6 5 6 7 6 6 6 6 7 6 5 6 7 6 6 6 6 7 6 5 6 7 6 6 6 6 7 6 7 6 7 6 6 6 6 7 6 7 6 7 6 6 6 6 7 6 7 6 7 6 6 6 6 7 6 7 6 7 6 6 6 6 7 6 7 6 7 6 6 18 6 7 6 7 6 7 6 6 22 6 10 6 7 6 7 6 17 6 
11 4 11 1 6 14 5 0 3 20 6 6 14 5 6 8 6 8 6 7 13 10 7 6 6 5 10 11 8 9 11 5 8 11 25 11 13 7 14 22 7 1 4 4 4 4 4 4 4 4 1 4 4 4 4 4 4 4 4 1 4 4 4 4 4 4 4 4 1 4 4 4 4 4 4 4 4 2 4 4 4 4 4 4 4 4 2 4 4 4 4 4 4 4 4 2 4 5 4 4 4 4 4 4 2 4 5 4 4 4 4 5 4 2 4 5 4 4 4 4 5 4 2 4 5 4 4 4 4 5 4 2 4 5 4 4 4 4 5 4 5 4 5 4 4 4 4 5 4 5 4 5 4 4 4 4 5 4 5 4 5 4 4 4 4 5 4 5 4 5 4 4 4 4 5 4 5 4 5 4 4 16 4 5 4 5 4 5 4 4 20 4 8 4 5 4 5 4 14 4 
9 2 12 3 4 12 3 6 0 18 4 4 12 3 4 6 4 6 4 8 11 9 5 4 12 3 8 10 6 7 9 3 6 9 23 9 13 5 12 20 5 3 2 2 2 2 2 2 2 2 3 2 2 2 2 2 2 2 2 3 2 2 2 2 2 2 2 2 3 2 2 2 2 2 2 2 2 3 2 2 2 2 2 2 2 2 3 2 2 2 2 2 2 2 2 3 2 3 2 2 2 2 2 2 3 2 3 2 2 2 2 3 2 3 2 3 2 2 5 2 3 2 3 2 3 2 2 5 2 3 2 3 2 3 2 2 5 2 3 2 3 2 3 2 2 5 2 3 2 3 2 3 2 2 5 2 3 2 3 2 3 2 2 5 2 3 2 3 2 3 2 2 5 2 3 2 3 2 3 2 2 14 2 3 2 3 2 3 2 2 18 2 6 2 3 2 3 2 14 2 
10 3 10 1 5 13 4 7 3 0 5 5 13 4 5 7 5 7 5 7 12 9 6 5 13 4 9 10 7 8 10 4 7 10 24 10 12 6 13 21 6 1 3 3 3 3 3 3 3 3 1 3 3 3 3 3 3 3 3 1 3 3 3 3 3 3 3 3 1 3 3 3 3 3 3 3 3 1 3 3 3 3 3 3 3 3 1 3 3 3 3 3 3 3 3 1 3 4 3 3 3 3 3 3 1 3 4 3 3 3 3 4 3 1 3 4 3 3 3 3 4 3 2 3 4 3 3 3 3 4 3 2 3 4 3 3 3 3 4 3 4 3 4 3 3 3 3 4 3 4 3 4 3 3 3 3 4 3 4 3 4 3 3 3 3 4 3 4 3 4 3 3 3 3 4 3 4 3 4 3 3 15 3 4 3 4 3 4 3 3 19 3 7 3 4 3 4 3 13 3 
19 12 22 13 14 22 13 16 15 28 0 14 22 13 14 16 14 16 14 18 21 19 15 14 22 13 18 20 16 17 19 13 16 19 33 19 23 15 22 30 15 13 12 12 12 12 12 12 12 12 13 12 12 12 12 12 12 12 12 13 12 12 12 12 12 12 12 12 13 12 12 12 12 12 12 12 12 13 12 12 12 12 12 12 12 12 13 12 12 12 12 12 12 12 12 13 12 13 12 12 12 12 12 12 13 12 13 12 12 15 12 13 12 13 12 13 12 12 15 12 13 12 13 12 13 12 12 15 12 13 12 13 12 13 12 12 15 12 13 12 13 12 13 12 12 15 12 13 12 13 12 13 12 12 15 12 13 12 13 12 13 12 12 15 12 13 12 13 12 13 12 12 15 12 13 12 13 12 13 12 12 24 12 13 12 13 12 13 12 12 28 12 16 12 13 12 13 12 24 12 
14 7 17 8 9 17 8 11 10 23 9 0 17 8 9 11 9 11 9 13 16 14 10 9 17 8 13 15 11 12 14 8 11 14 28 14 18 10 8 25 10 8 7 7 7 7 7 7 7 7 8 7 7 7 7 7 7 7 7 8 7 7 7 7 7 7 7 7 8 7 7 7 7 7 7 7 7 8 7 7 7 7 7 7 7 7 8 7 7 7 7 7 7 7 7 8 7 8 7 7 7 7 7 7 8 7 8 7 7 10 7 8 7 8 7 8 7 7 10 7 8 7 8 7 8 7 7 10 7 8 7 8 7 8 7 7 10 7 8 7 8 7 8 7 7 10 7 8 7 8 7 8 7 7 10 7 8 7 8 7 8 7 7 10 7 8 7 8 7 8 7 7 10 7 8 7 8 7 8 7 7 10 7 8 7 8 7 8 7 7 23 7 11 7 8 7 8 7 19 7 
17 10 20 11 12 20 11 14 13 26 12 12 0 11 12 14 12 14 12 16 19 17 13 11 20 11 16 18 13 15 17 11 14 17 31 17 21 13 20 28 13 11 10 10 10 10 10 10 10 10 11 10 10 10 10 10 10 10 10 11 10 10 10 10 10 10 10 10 11 10 10 10 10 10 10 10 10 11 10 10 10 10 10 10 10 10 11 10 10 10 10 10 10 10 10 11 10 10 10 10 10 10 10 10 11 10 10 10 10 13 10 11 10 11 10 10 10 10 13 10 11 10 11 10 10 10 10 13 10 11 10 11 10 10 10 10 13 10 11 10 11 10 10 10 10 13 10 11 10 11 10 10 10 10 13 10 11 10 11 10 10 10 10 13 10 11 10 11 10 10 10 10 13 10 11 10 11 10 10 10 10 22 10 11 10 11 10 10 10 10 26 10 14 10 11 10 11 10 22 10 
10 3 13 4 5 13 4 7 6 19 5 5 13 0 5 7 5 7 5 9 12 10 6 5 13 4 9 11 7 8 10 4 7 10 24 10 14 6 13 21 6 4 3 3 3 3 3 3 3 3 4 3 3 3 3 3 3 3 3 4 3 3 3 3 3 3 3 3 4 3 3 3 3 3 3 3 3 4 3 3 3 3 3 3 3 3 4 3 3 3 3 3 3 3 3 4 3 4 3 3 3 3 3 3 4 3 4 3 3 3 3 4 3 4 3 4 3 3 3 3 4 3 4 3 4 3 3 6 3 4 3 4 3 4 3 3 6 3 4 3 4 3 4 3 3 6 3 4 3 4 3 4 3 3 6 3 4 3 4 3 4 3 3 6 3 4 3 4 3 4 3 3 6 3 4 3 4 3 4 3 3 15 3 4 3 4 3 4 3 3 19 3 7 3 4 3 4 3 15 3 
10 3 13 4 5 13 4 7 3 19 5 5 13 4 0 7 5 7 5 9 12 10 6 5 13 4 9 11 7 8 10 4 7 10 24 10 14 6 13 21 6 4 3 3 3 3 3 3 3 3 4 3 3 3 3 3 3 3 3 4 3 3 3 3 3 3 3 3 4 3 3 3 3 3 3 3 3 4 3 3 3 3 3 3 3 3 4 3 3 3 3 3 3 3 3 4 3 4 3 3 3 3 3 3 4 3 4 3 3 5 3 4 3 4 3 4 3 3 6 3 4 3 4 3 4 3 3 6 3 4 3 4 3 4 3 3 6 3 4 3 4 3 4 3 3 6 3 4 3 4 3 4 3 3 6 3 4 3 4 3 4 3 3 6 3 4 3 4 3 4 3 3 6 3 4 3 4 3 4 3 3 15 3 4 3 4 3 4 3 3 19 3 7 3 4 3 4 3 15 3 
8 1 11 2 3 11 2 5 4 17 3 3 11 2 3 0 3 5 3 7 10 8 4 2 11 2 7 9 4 6 8 2 5 8 22 8 12 4 11 19 4 2 1 1 1 1 1 1 1 1 2 1 1 1 1 1 1 1 1 2 1 1 1 1 1 1 1 1 2 1 1 1 1 1 1 1 1 2 1 1 1 1 1 1 1 1 2 1 1 1 1 1 1 1 1 2 1 1 1 1 1 1 1 1 2 1 1 1 1 4 1 2 1 2 1 1 1 1 4 1 2 1 2 1 1 1 1 4 1 2 1 2 1 1 1 1 4 1 2 1 2 1 1 1 1 4 1 2 1 2 1 1 1 1 4 1 2 1 2 1 1 1 1 4 1 2 1 2 1 1 1 1 4 1 2 1 2 1 2 1 1 13 1 2 1 2 1 2 1 1 17 1 5 1 2 1 2 1 13 1 
21 14 24 15 16 24 15 18 17 30 16 16 24 15 16 18 0 18 16 20 23 6 17 16 24 15 20 22 18 19 21 15 18 5 35 21 25 17 24 32 17 15 14 14 14 14 14 14 14 14 15 14 14 14 14 14 14 14 14 15 14 14 14 14 14 14 14 14 15 14 14 14 14 14 14 14 14 15 14 14 14 14 14 14 14 14 15 14 14 14 14 14 14 14 14 15 14 15 14 14 14 14 14 14 15 14 15 14 14 17 14 15 14 15 14 15 14 14 17 14 15 14 15 14 15 14 14 17 14 15 14 15 14 15 14 14 17 14 15 14 15 14 15 14 14 17 14 15 14 15 14 15 14 14 17 14 15 14 15 14 15 14 14 17 14 15 14 15 14 15 14 14 17 14 15 14 15 14 15 14 14 26 14 15 14 15 14 15 14 14 30 14 18 14 15 14 15 14 26 14 
8 1 11 2 3 11 2 5 4 17 3 3 11 2 3 5 3 0 3 7 10 8 4 3 11 2 7 9 5 6 8 2 5 8 22 8 12 4 11 19 4 2 1 1 1 1 1 1 1 1 2 1 1 1 1 1 1 1 1 2 1 1 1 1 1 1 1 1 2 1 1 1 1 1 1 1 1 2 1 1 1 1 1 1 1 1 2 1 1 1 1 1 1 1 1 2 1 2 1 1 1 1 1 1 2 1 2 1 1 1 1 2 1 2 1 2 1 1 1 1 2 1 2 1 2 1 1 4 1 2 1 2 1 2 1 1 4 1 2 1 2 1 2 1 1 4 1 2 1 2 1 2 1 1 4 1 2 1 2 1 2 1 1 4 1 2 1 2 1 2 1 1 4 1 2 1 2 1 2 1 1 13 1 2 1 2 1 2 1 1 17 1 5 1 2 1 2 1 13 1 
9 2 12 3 4 12 3 6 5 18 4 4 12 3 4 6 4 6 0 8 11 9 5 4 12 3 8 10 6 7 9 3 6 9 23 9 13 5 12 20 5 3 2 2 2 2 2 2 2 2 3 2 2 2 2 2 2 2 2 3 2 2 2 2 2 2 2 2 3 2 2 2 2 2 2 2 2 3 2 2 2 2 2 2 2 2 3 2 2 2 2 2 2 2 2 3 2 3 2 2 2 2 2 2 3 2 3 2 2 5 2 3 2 3 2 3 2 2 5 2 3 2 3 2 3 2 2 5 2 3 2 3 2 3 2 2 5 2 3 2 3 2 3 2 2 5 2 3 2 3 2 3 2 2 5 2 3 2 3 2 3 2 2 5 2 3 2 3 2 3 2 2 5 2 3 2 3 2 3 2 2 14 2 3 2 3 2 3 2 2 18 2 6 2 3 2 3 2 14 2 
11 4 14 5 6 14 5 8 7 20 6 6 14 5 6 8 6 8 6 0 13 11 7 6 14 5 10 12 8 9 11 5 8 11 25 11 15 7 14 22 7 5 4 4 4 4 4 4 4 4 5 4 4 4 4 4 4 4 4 5 4 4 4 4 4 4 4 4 5 4 4 4 4 4 4 4 4 5 4 4 4 4 4 4 4 4 5 4 4 4 4 4 4 4 4 5 4 5 4 4 4 4 4 4 5 4 5 4 4 7 4 5 4 5 4 5 4 4 7 4 5 4 5 4 5 4 4 7 4 5 4 5 4 5 4 4 7 4 5 4 5 4 5 4 4 7 4 5 4 5 4 5 4 4 7 4 5 4 5 4 5 4 4 7 4 5 4 5 4 5 4 4 7 4 5 4 5 4 5 4 4 16 4 5 4 5 4 5 4 4 20 4 8 4 5 4 5 4 16 4 
9 2 12 3 4 12 3 6 5 18 4 4 12 3 4 6 4 6 4 8 0 9 5 4 12 3 8 10 6 7 9 3 6 9 23 9 13 5 12 20 5 3 2 2 2 2 2 2 2 2 3 2 2 2 2 2 2 2 2 3 2 2 2 2 2 2 2 2 3 2 2 2 2 2 2 2 2 3 2 2 2 2 2 2 2 2 3 2 2 2 2 2 2 2 2 3 2 3 2 2 2 2 2 2 3 2 3 2 2 5 2 3 2 3 2 3 2 2 5 2 3 2 3 2 3 2 2 5 2 3 2 3 2 3 2 2 5 2 3 2 3 2 3 2 2 5 2 3 2 3 2 3 2 2 5 2 3 2 3 2 3 2 2 5 2 3 2 3 2 3 2 2 5 2 3 2 3 2 3 2 2 14 2 3 2 3 2 3 2 2 18 2 6 2 3 2 3 2 14 2 
24 17 27 18 19 27 18 21 20 33 19 19 27 18 19 21 19 21 19 23 26 0 20 19 27 18 23 25 21 22 24 18 21 24 38 24 28 20 27 35 20 18 17 17 17 17 17 17 17 17 18 17 17 17 17 17 17 17 17 18 17 17 17 17 17 17 17 17 18 17 17 17 17 17 17 17 17 18 17 17 17 17 17 17 17 17 18 17 17 17 17 17 17 17 17 18 17 18 17 17 17 17 17 17 18 17 18 17 17 20 17 18 17 18 17 18 17 17 20 17 18 17 18 17 18 17 17 20 17 18 17 18 17 18 17 17 20 17 18 17 18 17 18 17 17 20 17 18 17 18 17 18 17 17 20 17 18 17 18 17 18 17 17 20 17 18 17 18 17 18 17 17 20 17 18 17 18 17 18 17 17 29 17 18 17 18 17 18 17 17 33 17 21 17 18 17 18 17 29 17 
8 1 11 2 3 11 2 5 4 17 3 3 11 2 3 5 3 5 3 7 10 8 0 2 11 2 7 9 4 6 8 2 5 8 22 8 12 4 11 19 4 2 1 1 1 1 1 1 1 1 2 1 1 1 1 1 1 1 1 2 1 1 1 1 1 1 1 1 2 1 1 1 1 1 1 1 1 2 1 1 1 1 1 1 1 1 2 1 1 1 1 1 1 1 1 2 1 1 1 1 1 1 1 1 2 1 1 1 1 4 1 2 1 2 1 1 1 1 4 1 2 1 2 1 1 1 1 4 1 2 1 2 1 1 1 1 4 1 2 1 2 1 1 1 1 4 1 2 1 2 1 2 1 1 4 1 2 1 2 1 2 1 1 4 1 2 1 2 1 2 1 1 4 1 2 1 2 1 2 1 1 13 1 2 1 2 1 2 1 1 17 1 5 1 2 1 2 1 13 1 
12 5 15 6 7 15 6 9 8 21 7 7 15 6 7 9 7 9 7 11 14 12 8 0 15 6 11 13 9 10 12 6 9 12 26 12 16 8 15 23 8 6 5 5 5 5 5 5 5 5 6 5 5 5 5 5 5 5 5 6 5 5 5 5 5 5 5 5 6 5 5 5 5 5 5 5 5 6 5 5 5 5 5 5 5 5 6 5 5 5 5 5 5 5 5 6 5 6 5 5 5 5 5 5 6 5 6 5 5 8 5 6 5 6 5 6 5 5 8 5 6 5 6 5 6 5 5 8 5 6 5 6 5 6 5 5 8 5 6 5 6 5 6 5 5 8 5 6 5 6 5 6 5 5 8 5 6 5 6 5 6 5 5 8 5 6 5 6 5 6 5 5 8 5 6 5 6 5 6 5 5 17 5 6 5 6 5 6 5 5 21 5 9 5 6 5 6 5 17 5 
10 3 13 4 5 13 4 7 6 19 5 5 13 4 5 7 5 7 5 9 12 10 6 5 0 4 9 11 7 8 10 4 7 10 24 10 14 6 13 21 6 4 3 3 3 3 3 3 3 3 4 3 3 3 3 3 3 3 3 4 3 3 3 3 3 3 3 3 4 3 3 3 3 3 3 3 3 4 3 3 3 3 3 3 3 3 4 3 3 3 3 3 3 3 3 4 3 4 3 3 3 3 3 3 4 3 4 3 3 6 3 4 3 4 3 4 3 3 6 3 4 3 4 3 4 3 3 6 3 4 3 4 3 4 3 3 6 3 4 3 4 3 4 3 3 6 3 4 3 4 3 4 3 3 6 3 4 3 4 3 4 3 3 6 3 4 3 4 3 4 3 3 6 3 4 3 4 3 4 3 3 15 3 4 3 4 3 4 3 3 19 3 7 3 4 3 4 3 15 3 
9 2 12 3 4 12 3 6 5 18 4 4 12 3 4 6 4 6 4 8 11 9 5 4 12 0 8 10 6 7 9 3 6 9 23 9 13 5 12 20 5 3 2 2 2 2 2 2 2 2 3 2 2 2 2 2 2 2 2 3 2 2 2 2 2 2 2 2 3 2 2 2 2 2 2 2 2 3 2 2 2 2 2 2 2 2 3 2 2 2 2 2 2 2 2 3 2 3 2 2 2 2 2 2 3 2 3 2 2 5 2 3 2 3 2 3 2 2 5 2 3 2 3 2 3 2 2 5 2 3 2 3 2 3 2 2 5 2 3 2 3 2 3 2 2 5 2 3 2 3 2 3 2 2 5 2 3 2 3 2 3 2 2 5 2 3 2 3 2 3 2 2 5 2 3 2 3 2 3 2 2 14 2 3 2 3 2 3 2 2 18 2 6 2 3 2 3 2 14 2 
8 1 11 2 3 11 2 5 4 17 3 3 11 2 3 5 3 5 3 7 10 8 4 3 11 2 0 9 5 6 8 2 5 8 22 8 12 4 11 19 4 2 1 1 1 1 1 1 1 1 2 1 1 1 1 1 1 1 1 2 1 1 1 1 1 1 1 1 2 1 1 1 1 1 1 1 1 2 1 1 1 1 1 1 1 1 2 1 1 1 1 1 1 1 1 2 1 2 1 1 1 1 1 1 2 1 2 1 1 4 1 2 1 2 1 2 1 1 4 1 2 1 2 1 2 1 1 4 1 2 1 2 1 2 1 1 4 1 2 1 2 1 2 1 1 4 1 2 1 2 1 2 1 1 4 1 2 1 2 1 2 1 1 4 1 2 1 2 1 2 1 1 4 1 2 1 2 1 2 1 1 13 1 2 1 2 1 2 1 1 17 1 5 1 2 1 2 1 13 1 
13 6 16 7 8 16 7 10 9 22 8 8 16 7 8 10 8 10 8 12 15 13 9 8 16 7 12 0 10 11 13 7 10 13 27 13 17 9 16 24 9 7 6 6 6 6 6 6 6 6 7 6 6 6 6 6 6 6 6 7 6 6 6 6 6 6 6 6 7 6 6 6 6 6 6 6 6 7 6 6 6 6 6 6 6 6 7 6 6 6 6 6 6 6 6 7 6 7 6 6 6 6 6 6 7 6 7 6 6 9 6 7 6 7 6 7 6 6 9 6 7 6 7 6 7 6 6 9 6 7 6 7 6 7 6 6 9 6 7 6 7 6 7 6 6 9 6 7 6 7 6 7 6 6 9 6 7 6 7 6 7 6 6 9 6 7 6 7 6 7 6 6 9 6 7 6 7 6 7 6 6 18 6 7 6 7 6 7 6 6 22 6 10 6 7 6 7 6 18 6 
10 3 13 4 5 13 4 7 6 19 5 5 13 4 5 7 5 7 5 9 12 10 6 5 13 4 9 11 0 8 10 4 7 10 24 10 14 6 13 21 6 4 3 3 3 3 3 3 3 3 4 3 3 3 3 3 3 3 3 4 3 3 3 3 3 3 3 3 4 3 3 3 3 3 3 3 3 4 3 3 3 3 3 3 3 3 4 3 3 3 3 3 3 3 3 4 3 4 3 3 3 3 3 3 4 3 4 3 3 6 3 4 3 4 3 4 3 3 6 3 4 3 4 3 4 3 3 6 3 4 3 4 3 4 3 3 6 3 4 3 4 3 4 3 3 6 3 4 3 4 3 4 3 3 6 3 4 3 4 3 4 3 3 6 3 4 3 4 3 4 3 3 6 3 4 3 4 3 4 3 3 15 3 4 3 4 3 4 3 3 19 3 7 3 4 3 4 3 15 3 
14 7 17 8 9 17 8 11 10 23 9 9 17 8 9 11 9 11 9 13 16 14 10 9 17 8 13 15 11 0 14 8 11 14 28 14 18 10 17 25 10 8 7 7 7 7 7 7 7 7 8 7 7 7 7 7 7 7 7 8 7 7 7 7 7 7 7 7 8 7 7 7 7 7 7 7 7 8 7 7 7 7 7 7 7 7 8 7 7 7 7 7 7 7 7 8 7 8 7 7 7 7 7 7 8 7 8 7 7 10 7 8 7 8 7 8 7 7 10 7 8 7 8 7 8 7 7 10 7 8 7 8 7 8 7 7 10 7 8 7 8 7 8 7 7 10 7 8 7 8 7 8 7 7 10 7 8 7 8 7 8 7 7 10 7 8 7 8 7 8 7 7 10 7 8 7 8 7 8 7 7 19 7 8 7 8 7 8 7 7 23 7 11 7 8 7 8 7 19 7 
14 7 17 8 9 17 8 11 10 23 9 9 17 8 9 11 9 11 9 4 16 14 10 9 17 8 13 14 11 12 0 8 11 14 28 14 18 10 17 25 10 8 7 7 7 7 7 7 7 7 8 7 7 7 7 7 7 7 7 8 7 7 7 7 7 7 7 7 8 7 7 7 7 7 7 7 7 8 7 7 7 7 7 7 7 7 8 7 7 7 7 7 7 7 7 8 7 8 7 7 7 7 7 7 8 7 8 7 7 7 7 8 7 8 7 8 7 7 7 7 8 7 8 7 8 7 7 7 7 8 7 8 7 8 7 7 7 7 8 7 8 7 8 7 7 7 7 8 7 8 7 8 7 7 10 7 8 7 8 7 8 7 7 10 7 8 7 8 7 8 7 7 10 7 8 7 8 7 8 7 7 19 7 8 7 8 7 8 7 7 23 7 11 7 8 7 8 7 19 7 
17 10 17 8 12 20 4 14 10 26 12 12 20 11 12 14 5 14 12 14 19 11 13 12 20 11 16 17 14 15 17 0 14 10 31 17 19 13 20 28 13 8 10 10 10 10 10 10 10 10 8 10 10 10 10 10 10 10 10 8 10 10 10 10 10 10 10 10 8 10 10 10 10 10 10 10 10 8 10 10 10 10 10 10 10 10 8 10 10 10 10 10 10 10 10 8 10 11 10 10 10 10 10 10 8 10 11 10 10 10 10 11 10 9 10 11 10 10 10 10 11 10 9 10 11 10 10 10 10 11 10 9 10 11 10 10 10 10 11 10 11 10 11 10 10 10 10 11 10 11 10 11 10 10 10 10 11 10 11 10 11 10 10 10 10 11 10 11 10 11 10 10 10 10 11 10 11 10 11 10 10 22 10 11 10 11 10 11 10 10 26 10 14 10 11 10 11 10 21 10 
8 1 11 2 3 11 2 5 4 17 3 3 11 2 3 5 3 5 3 7 10 8 4 3 11 2 7 9 5 6 8 2 0 8 22 8 12 4 11 19 4 2 1 1 1 1 1 1 1 1 2 1 1 1 1 1 1 1 1 2 1 1 1 1 1 1 1 1 2 1 1 1 1 1 1 1 1 2 1 1 1 1 1 1 1 1 2 1 1 1 1 1 1 1 1 2 1 2 1 1 1 1 1 1 2 1 2 1 1 4 1 2 1 2 1 2 1 1 4 1 2 1 2 1 2 1 1 4 1 2 1 2 1 2 1 1 4 1 2 1 2 1 2 1 1 4 1 2 1 2 1 2 1 1 4 1 2 1 2 1 2 1 1 4 1 2 1 2 1 2 1 1 4 1 2 1 2 1 2 1 1 13 1 2 1 2 1 2 1 1 17 1 5 1 2 1 2 1 13 1 
16 9 19 10 11 19 10 13 12 25 11 11 19 10 11 13 11 13 11 15 18 16 12 11 19 10 15 17 13 14 16 10 13 0 30 16 20 12 19 27 12 10 9 9 9 9 9 9 9 9 10 9 9 9 9 9 9 9 9 10 9 9 9 9 9 9 9 9 10 9 9 9 9 9 9 9 9 10 9 9 9 9 9 9 9 9 10 9 9 9 9 9 9 9 9 10 9 10 9 9 9 9 9 9 10 9 10 9 9 12 9 10 9 10 9 10 9 9 12 9 10 9 10 9 10 9 9 12 9 10 9 10 9 10 9 9 12 9 10 9 10 9 10 9 9 12 9 10 9 10 9 10 9 9 12 9 10 9 10 9 10 9 9 12 9 10 9 10 9 10 9 9 12 9 10 9 10 9 10 9 9 21 9 10 9 10 9 10 9 9 25 9 13 9 10 9 10 9 21 9 
14 7 17 8 9 17 8 11 10 23 9 9 17 8 9 11 9 11 9 13 16 14 10 9 17 8 13 15 11 12 14 8 11 14 0 14 18 10 17 25 10 8 7 7 7 7 7 7 7 7 8 7 7 7 7 7 7 7 7 8 7 7 7 7 7 7 7 7 8 7 7 7 7 7 7 7 7 8 7 7 7 7 7 7 7 7 8 7 7 7 7 7 7 7 7 8 7 8 7 7 7 7 7 7 8 7 8 7 7 10 7 8 7 8 7 8 7 7 10 7 8 7 8 7 8 7 7 10 7 8 7 8 7 8 7 7 10 7 8 7 8 7 8 7 7 10 7 8 7 8 7 8 7 7 10 7 8 7 8 7 8 7 7 10 7 8 7 8 7 8 7 7 10 7 8 7 8 7 8 7 7 19 7 8 7 8 7 8 7 7 23 7 11 7 8 7 8 7 19 7 
8 1 11 2 3 11 2 5 4 17 3 3 11 2 3 5 3 5 3 7 10 8 4 3 11 2 7 9 5 6 8 2 5 8 22 0 12 4 11 19 4 2 1 1 1 1 1 1 1 1 2 1 1 1 1 1 1 1 1 2 1 1 1 1 1 1 1 1 2 1 1 1 1 1 1 1 1 2 1 1 1 1 1 1 1 1 2 1 1 1 1 1 1 1 1 2 1 2 1 1 1 1 1 1 2 1 2 1 1 4 1 2 1 2 1 2 1 1 4 1 2 1 2 1 2 1 1 4 1 2 1 2 1 2 1 1 4 1 2 1 2 1 2 1 1 4 1 2 1 2 1 2 1 1 4 1 2 1 2 1 2 1 1 4 1 2 1 2 1 2 1 1 4 1 2 1 2 1 2 1 1 13 1 2 1 2 1 2 1 1 17 1 5 1 2 1 2 1 13 1 
17 10 20 11 12 20 11 14 13 26 12 12 20 11 12 14 12 14 12 16 19 17 13 12 20 11 16 18 14 15 17 11 14 17 31 17 0 13 20 28 13 11 10 10 10 10 10 10 10 10 11 10 10 10 10 10 10 10 10 11 10 10 10 10 10 10 10 10 11 10 10 10 10 10 10 10 10 11 10 10 10 10 10 10 10 10 11 10 10 10 10 10 10 10 10 11 10 11 10 10 10 10 10 10 11 10 11 10 10 13 10 11 10 11 10 11 10 10 13 10 11 10 11 10 11 10 10 13 10 11 10 11 10 11 10 10 13 10 11 10 11 10 11 10 10 13 10 11 10 11 10 11 10 10 13 10 11 10 11 10 11 10 10 13 10 11 10 11 10 11 10 10 13 10 11 10 11 10 11 10 10 22 10 11 10 11 10 11 10 10 26 10 14 10 11 10 11 10 22 10 
10 3 10 1 5 13 4 7 3 19 5 5 13 4 5 7 5 7 5 7 12 9 6 5 13 4 6 10 7 8 10 4 7 10 24 10 12 0 13 21 6 1 3 3 3 3 3 3 3 3 1 3 3 3 3 3 3 3 3 1 3 3 3 3 3 3 3 3 1 3 3 3 3 3 3 3 3 1 3 3 3 3 3 3 3 3 1 3 3 3 3 3 3 3 3 1 3 4 3 3 3 3 3 3 1 3 4 3 3 3 3 4 3 1 3 4 3 3 3 3 4 3 1 3 4 3 3 3 3 4 3 1 3 4 3 3 3 3 4 3 1 3 4 3 3 3 3 4 3 1 3 4 3 3 3 3 4 3 1 3 4 3 3 3 3 4 3 4 3 4 3 3 3 3 4 3 4 3 4 3 3 14 3 4 3 4 3 4 3 3 14 3 7 3 4 3 4 3 13 3 
15 8 18 9 10 18 9 12 11 24 10 10 18 9 10 12 10 12 10 14 17 15 11 10 18 9 14 16 11 13 15 9 12 15 29 15 19 11 0 26 11 9 8 8 8 8 8 8 8 8 9 8 8 8 8 8 8 8 8 9 8 8 8 8 8 8 8 8 9 8 8 8 8 8 8 8 8 9 8 8 8 8 8 8 8 8 9 8 8 8 8 8 8 8 8 9 8 8 8 8 8 8 8 8 9 8 8 8 8 11 8 9 8 9 8 9 8 8 11 8 9 8 9 8 9 8 8 11 8 9 8 9 8 9 8 8 11 8 9 8 9 8 9 8 8 11 8 9 8 9 8 9 8 8 11 8 9 8 9 8 9 8 8 11 8 9 8 9 8 9 8 8 11 8 9 8 9 8 9 8 8 20 8 9 8 9 8 9 8 8 24 8 12 8 9 8 9 8 20 8 
13 6 16 7 8 16 7 10 9 22 8 8 16 7 8 10 8 10 8 12 15 9 9 8 16 7 12 14 10 11 13 7 10 6 27 13 17 9 16 0 9 7 6 6 6 6 6 6 6 6 7 6 6 6 6 6 6 6 6 7 6 6 6 6 6 6 6 6 7 6 6 6 6 6 6 6 6 7 6 6 6 6 6 6 6 6 7 6 6 6 6 6 6 6 6 7 6 7 6 6 6 6 6 6 7 6 7 6 6 9 6 7 6 7 6 7 6 6 9 6 7 6 7 6 7 6 6 9 6 7 6 7 6 7 6 6 9 6 7 6 7 6 7 6 6 9 6 7 6 7 6 7 6 6 9 6 7 6 7 6 7 6 6 9 6 7 6 7 6 7 6 6 9 6 7 6 7 6 7 6 6 18 6 7 6 7 6 7 6 6 22 6 10 6 7 6 7 6 18 6 
8 1 11 2 3 11 2 5 4 17 3 3 11 2 3 5 3 5 3 7 10 8 4 3 11 2 7 9 5 6 8 2 5 8 22 8 12 4 11 19 0 2 1 1 1 1 1 1 1 1 2 1 1 1 1 1 1 1 1 2 1 1 1 1 1 1 1 1 2 1 1 1 1 1 1 1 1 2 1 1 1 1 1 1 1 1 2 1 1 1 1 1 1 1 1 2 1 2 1 1 1 1 1 1 2 1 2 1 1 4 1 2 1 2 1 2 1 1 4 1 2 1 2 1 2 1 1 4 1 2 1 2 1 2 1 1 4 1 2 1 2 1 2 1 1 4 1 2 1 2 1 2 1 1 4 1 2 1 2 1 2 1 1 4 1 2 1 2 1 2 1 1 4 1 2 1 2 1 2 1 1 13 1 2 1 2 1 2 1 1 17 1 5 1 2 1 2 1 13 1 
11 4 14 5 6 14 5 8 2 20 6 6 14 5 6 8 6 8 6 10 13 11 7 6 14 5 10 12 8 9 11 5 8 11 25 11 15 7 14 22 7 0 4 4 4 4 4 4 4 4 5 4 4 4 4 4 4 4 4 5 4 4 4 4 4 4 4 4 5 4 4 4 4 4 4 4 4 5 4 4 4 4 4 4 4 4 5 4 4 4 4 4 4 4 4 5 4 5 4 4 4 4 4 4 5 4 5 4 4 4 4 5 4 5 4 5 4 4 7 4 5 4 5 4 5 4 4 7 4 5 4 5 4 5 4 4 7 4 5 4 5 4 5 4 4 7 4 5 4 5 4 5 4 4 7 4 5 4 5 4 5 4 4 7 4 5 4 5 4 5 4 4 7 4 5 4 5 4 5 4 4 16 4 5 4 5 4 5 4 4 20 4 8 4 5 4 5 4 16 4 
7 0 10 1 2 10 1 4 3 16 2 2 10 1 2 4 2 4 2 6 9 7 3 2 10 1 6 8 4 5 7 1 4 7 21 7 11 3 10 18 3 1 0 0 0 0 0 0 0 0 1 0 0 0 0 0 0 0 0 1 0 0 0 0 0 0 0 0 1 0 0 0 0 0 0 0 0 1 0 0 0 0 0 0 0 0 1 0 0 0 0 0 0 0 0 1 0 1 0 0 0 0 0 0 1 0 1 0 0 3 0 1 0 1 0 1 0 0 3 0 1 0 1 0 1 0 0 3 0 1 0 1 0 1 0 0 3 0 1 0 1 0 1 0 0 3 0 1 0 1 0 1 0 0 3 0 1 0 1 0 1 0 0 3 0 1 0 1 0 1 0 0 3 0 1 0 1 0 1 0 0 12 0 1 0 1 0 1 0 0 16 0 4 0 1 0 1 0 12 0 
7 0 10 1 2 10 1 4 3 16 2 2 10 1 2 4 2 4 2 6 9 7 3 2 10 1 6 8 4 5 7 1 4 7 21 7 11 3 10 18 3 1 0 0 0 0 0 0 0 0 1 0 0 0 0 0 0 0 0 1 0 0 0 0 0 0 0 0 1 0 0 0 0 0 0 0 0 1 0 0 0 0 0 0 0 0 1 0 0 0 0 0 0 0 0 1 0 1 0 0 0 0 0 0 1 0 1 0 0 3 0 1 0 1 0 1 0 0 3 0 1 0 1 0 1 0 0 3 0 1 0 1 0 1 0 0 3 0 1 0 1 0 1 0 0 3 0 1 0 1 0 1 0 0 3 0 1 0 1 0 1 0 0 3 0 1 0 1 0 1 0 0 3 0 1 0 1 0 1 0 0 12 0 1 0 1 0 1 0 0 16 0 4 0 1 0 1 0 12 0 
7 0 10 1 2 10 1 4 3 16 2 2 10 1 2 4 2 4 2 6 9 7 3 2 10 1 6 8 4 5 7 1 4 7 21 7 11 3 10 18 3 1 0 0 0 0 0 0 0 0 1 0 0 0 0 0 0 0 0 1 0 0 0 0 0 0 0 0 1 0 0 0 0 0 0 0 0 1 0 0 0 0 0 0 0 0 1 0 0 0 0 0 0 0 0 1 0 1 0 0 0 0 0 0 1 0 1 0 0 3 0 1 0 1 0 1 0 0 3 0 1 0 1 0 1 0 0 3 0 1 0 1 0 1 0 0 3 0 1 0 1 0 1 0 0 3 0 1 0 1 0 1 0 0 3 0 1 0 1 0 1 0 0 3 0 1 0 1 0 1 0 0 3 0 1 0 1 0 1 0 0 12 0 1 0 1 0 1 0 0 16 0 4 0 1 0 1 0 12 0 
7 0 10 1 2 10 1 4 3 16 2 2 10 1 2 4 2 4 2 6 9 7 3 2 10 1 6 8 4 5 7 1 4 7 21 7 11 3 10 18 3 1 0 0 0 0 0 0 0 0 1 0 0 0 0 0 0 0 0 1 0 0 0 0 0 0 0 0 1 0 0 0 0 0 0 0 0 1 0 0 0 0 0 0 0 0 1 0 0 0 0 0 0 0 0 1 0 1 0 0 0 0 0 0 1 0 1 0 0 3 0 1 0 1 0 1 0 0 3 0 1 0 1 0 1 0 0 3 0 1 0 1 0 1 0 0 3 0 1 0 1 0 1 0 0 3 0 1 0 1 0 1 0 0 3 0 1 0 1 0 1 0 0 3 0 1 0 1 0 1 0 0 3 0 1 0 1 0 1 0 0 12 0 1 0 1 0 1 0 0 16 0 4 0 1 0 1 0 12 0 
7 0 10 1 2 10 1 4 3 16 2 2 10 1 2 4 2 4 2 6 9 7 3 2 10 1 6 8 4 5 7 1 4 7 21 7 11 3 10 18 3 1 0 0 0 0 0 0 0 0 1 0 0 0 0 0 0 0 0 1 0 0 0 0 0 0 0 0 1 0 0 0 0 0 0 0 0 1 0 0 0 0 0 0 0 0 1 0 0 0 0 0 0 0 0 1 0 1 0 0 0 0 0 0 1 0 1 0 0 3 0 1 0 1 0 1 0 0 3 0 1 0 1 0 1 0 0 3 0 1 0 1 0 1 0 0 3 0 1 0 1 0 1 0 0 3 0 1 0 1 0 1 0 0 3 0 1 0 1 0 1 0 0 3 0 1 0 1 0 1 0 0 3 0 1 0 1 0 1 0 0 12 0 1 0 1 0 1 0 0 16 0 4 0 1 0 1 0 12 0 
7 0 10 1 2 10 1 4 3 16 2 2 10 1 2 4 2 4 2 6 9 7 3 2 10 1 6 8 4 5 7 1 4 7 21 7 11 3 10 18 3 1 0 0 0 0 0 0 0 0 1 0 0 0 0 0 0 0 0 1 0 0 0 0 0 0 0 0 1 0 0 0 0 0 0 0 0 1 0 0 0 0 0 0 0 0 1 0 0 0 0 0 0 0 0 1 0 1 0 0 0 0 0 0 1 0 1 0 0 3 0 1 0 1 0 1 0 0 3 0 1 0 1 0 1 0 0 3 0 1 0 1 0 1 0 0 3 0 1 0 1 0 1 0 0 3 0 1 0 1 0 1 0 0 3 0 1 0 1 0 1 0 0 3 0 1 0 1 0 1 0 0 3 0 1 0 1 0 1 0 0 12 0 1 0 1 0 1 0 0 16 0 4 0 1 0 1 0 12 0 
7 0 10 1 2 10 1 4 3 16 2 2 10 1 2 4 2 4 2 6 9 7 3 2 10 1 6 8 4 5 7 1 4 7 21 7 11 3 10 18 3 1 0 0 0 0 0 0 0 0 1 0 0 0 0 0 0 0 0 1 0 0 0 0 0 0 0 0 1 0 0 0 0 0 0 0 0 1 0 0 0 0 0 0 0 0 1 0 0 0 0 0 0 0 0 1 0 1 0 0 0 0 0 0 1 0 1 0 0 3 0 1 0 1 0 1 0 0 3 0 1 0 1 0 1 0 0 3 0 1 0 1 0 1 0 0 3 0 1 0 1 0 1 0 0 3 0 1 0 1 0 1 0 0 3 0 1 0 1 0 1 0 0 3 0 1 0 1 0 1 0 0 3 0 1 0 1 0 1 0 0 12 0 1 0 1 0 1 0 0 16 0 4 0 1 0 1 0 12 0 
7 0 10 1 2 10 1 4 3 16 2 2 10 1 2 4 2 4 2 6 9 7 3 2 10 1 6 8 4 5 7 1 4 7 21 7 11 3 10 18 3 1 0 0 0 0 0 0 0 0 1 0 0 0 0 0 0 0 0 1 0 0 0 0 0 0 0 0 1 0 0 0 0 0 0 0 0 1 0 0 0 0 0 0 0 0 1 0 0 0 0 0 0 0 0 1 0 1 0 0 0 0 0 0 1 0 1 0 0 3 0 1 0 1 0 1 0 0 3 0 1 0 1 0 1 0 0 3 0 1 0 1 0 1 0 0 3 0 1 0 1 0 1 0 0 3 0 1 0 1 0 1 0 0 3 0 1 0 1 0 1 0 0 3 0 1 0 1 0 1 0 0 3 0 1 0 1 0 1 0 0 12 0 1 0 1 0 1 0 0 16 0 4 0 1 0 1 0 12 0 
10 3 10 0 5 13 4 7 2 19 5 5 13 4 5 7 5 7 5 6 12 9 6 5 13 4 9 10 7 8 10 4 7 10 24 10 12 6 13 21 6 0 3 3 3 3 3 3 3 3 0 3 3 3 3 3 3 3 3 1 3 3 3 3 3 3 3 3 1 3 3 3 3 3 3 3 3 1 3 3 3 3 3 3 3 3 1 3 3 3 3 3 3 3 3 1 3 4 3 3 3 3 3 3 1 3 4 3 3 3 3 4 3 1 3 4 3 3 3 3 4 3 1 3 4 3 3 3 3 4 3 1 3 4 3 3 3 3 4 3 4 3 4 3 3 3 3 4 3 4 3 4 3 3 3 3 4 3 4 3 4 3 3 3 3 4 3 4 3 4 3 3 3 3 4 3 4 3 4 3 3 15 3 4 3 4 3 4 3 3 19 3 7 3 4 3 4 3 13 3 
7 0 10 1 2 10 1 4 3 16 2 2 10 1 2 4 2 4 2 6 9 7 3 2 10 1 6 8 4 5 7 1 4 7 21 7 11 3 10 18 3 1 0 0 0 0 0 0 0 0 1 0 0 0 0 0 0 0 0 1 0 0 0 0 0 0 0 0 1 0 0 0 0 0 0 0 0 1 0 0 0 0 0 0 0 0 1 0 0 0 0 0 0 0 0 1 0 1 0 0 0 0 0 0 1 0 1 0 0 3 0 1 0 1 0 1 0 0 3 0 1 0 1 0 1 0 0 3 0 1 0 1 0 1 0 0 3 0 1 0 1 0 1 0 0 3 0 1 0 1 0 1 0 0 3 0 1 0 1 0 1 0 0 3 0 1 0 1 0 1 0 0 3 0 1 0 1 0 1 0 0 12 0 1 0 1 0 1 0 0 16 0 4 0 1 0 1 0 12 0 
7 0 10 1 2 10 1 4 3 16 2 2 10 1 2 4 2 4 2 6 9 7 3 2 10 1 6 8 4 5 7 1 4 7 21 7 11 3 10 18 3 1 0 0 0 0 0 0 0 0 1 0 0 0 0 0 0 0 0 1 0 0 0 0 0 0 0 0 1 0 0 0 0 0 0 0 0 1 0 0 0 0 0 0 0 0 1 0 0 0 0 0 0 0 0 1 0 1 0 0 0 0 0 0 1 0 1 0 0 3 0 1 0 1 0 1 0 0 3 0 1 0 1 0 1 0 0 3 0 1 0 1 0 1 0 0 3 0 1 0 1 0 1 0 0 3 0 1 0 1 0 1 0 0 3 0 1 0 1 0 1 0 0 3 0 1 0 1 0 1 0 0 3 0 1 0 1 0 1 0 0 12 0 1 0 1 0 1 0 0 16 0 4 0 1 0 1 0 12 0 
7 0 10 1 2 10 1 4 3 16 2 2 10 1 2 4 2 4 2 6 9 7 3 2 10 1 6 8 4 5 7 1 4 7 21 7 11 3 10 18 3 1 0 0 0 0 0 0 0 0 1 0 0 0 0 0 0 0 0 1 0 0 0 0 0 0 0 0 1 0 0 0 0 0 0 0 0 1 0 0 0 0 0 0 0 0 1 0 0 0 0 0 0 0 0 1 0 1 0 0 0 0 0 0 1 0 1 0 0 3 0 1 0 1 0 1 0 0 3 0 1 0 1 0 1 0 0 3 0 1 0 1 0 1 0 0 3 0 1 0 1 0 1 0 0 3 0 1 0 1 0 1 0 0 3 0 1 0 1 0 1 0 0 3 0 1 0 1 0 1 0 0 3 0 1 0 1 0 1 0 0 12 0 1 0 1 0 1 0 0 16 0 4 0 1 0 1 0 12 0 
7 0 10 1 2 10 1 4 3 16 2 2 10 1 2 4 2 4 2 6 9 7 3 2 10 1 6 8 4 5 7 1 4 7 21 7 11 3 10 18 3 1 0 0 0 0 0 0 0 0 1 0 0 0 0 0 0 0 0 1 0 0 0 0 0 0 0 0 1 0 0 0 0 0 0 0 0 1 0 0 0 0 0 0 0 0 1 0 0 0 0 0 0 0 0 1 0 1 0 0 0 0 0 0 1 0 1 0 0 3 0 1 0 1 0 1 0 0 3 0 1 0 1 0 1 0 0 3 0 1 0 1 0 1 0 0 3 0 1 0 1 0 1 0 0 3 0 1 0 1 0 1 0 0 3 0 1 0 1 0 1 0 0 3 0 1 0 1 0 1 0 0 3 0 1 0 1 0 1 0 0 12 0 1 0 1 0 1 0 0 16 0 4 0 1 0 1 0 12 0 
7 0 10 1 2 10 1 4 3 16 2 2 10 1 2 4 2 4 2 6 9 7 3 2 10 1 6 8 4 5 7 1 4 7 21 7 11 3 10 18 3 1 0 0 0 0 0 0 0 0 1 0 0 0 0 0 0 0 0 1 0 0 0 0 0 0 0 0 1 0 0 0 0 0 0 0 0 1 0 0 0 0 0 0 0 0 1 0 0 0 0 0 0 0 0 1 0 1 0 0 0 0 0 0 1 0 1 0 0 3 0 1 0 1 0 1 0 0 3 0 1 0 1 0 1 0 0 3 0 1 0 1 0 1 0 0 3 0 1 0 1 0 1 0 0 3 0 1 0 1 0 1 0 0 3 0 1 0 1 0 1 0 0 3 0 1 0 1 0 1 0 0 3 0 1 0 1 0 1 0 0 12 0 1 0 1 0 1 0 0 16 0 4 0 1 0 1 0 12 0 
7 0 10 1 2 10 1 4 3 16 2 2 10 1 2 4 2 4 2 6 9 7 3 2 10 1 6 8 4 5 7 1 4 7 21 7 11 3 10 18 3 1 0 0 0 0 0 0 0 0 1 0 0 0 0 0 0 0 0 1 0 0 0 0 0 0 0 0 1 0 0 0 0 0 0 0 0 1 0 0 0 0 0 0 0 0 1 0 0 0 0 0 0 0 0 1 0 1 0 0 0 0 0 0 1 0 1 0 0 3 0 1 0 1 0 1 0 0 3 0 1 0 1 0 1 0 0 3 0 1 0 1 0 1 0 0 3 0 1 0 1 0 1 0 0 3 0 1 0 1 0 1 0 0 3 0 1 0 1 0 1 0 0 3 0 1 0 1 0 1 0 0 3 0 1 0 1 0 1 0 0 12 0 1 0 1 0 1 0 0 16 0 4 0 1 0 1 0 12 0 
7 0 10 1 2 10 1 4 3 16 2 2 10 1 2 4 2 4 2 6 9 7 3 2 10 1 6 8 4 5 7 1 4 7 21 7 11 3 10 18 3 1 0 0 0 0 0 0 0 0 1 0 0 0 0 0 0 0 0 1 0 0 0 0 0 0 0 0 1 0 0 0 0 0 0 0 0 1 0 0 0 0 0 0 0 0 1 0 0 0 0 0 0 0 0 1 0 1 0 0 0 0 0 0 1 0 1 0 0 3 0 1 0 1 0 1 0 0 3 0 1 0 1 0 1 0 0 3 0 1 0 1 0 1 0 0 3 0 1 0 1 0 1 0 0 3 0 1 0 1 0 1 0 0 3 0 1 0 1 0 1 0 0 3 0 1 0 1 0 1 0 0 3 0 1 0 1 0 1 0 0 12 0 1 0 1 0 1 0 0 16 0 4 0 1 0 1 0 12 0 
7 0 10 1 2 10 1 4 3 16 2 2 10 1 2 4 2 4 2 6 9 7 3 2 10 1 6 8 4 5 7 1 4 7 21 7 11 3 10 18 3 1 0 0 0 0 0 0 0 0 1 0 0 0 0 0 0 0 0 1 0 0 0 0 0 0 0 0 1 0 0 0 0 0 0 0 0 1 0 0 0 0 0 0 0 0 1 0 0 0 0 0 0 0 0 1 0 1 0 0 0 0 0 0 1 0 1 0 0 3 0 1 0 1 0 1 0 0 3 0 1 0 1 0 1 0 0 3 0 1 0 1 0 1 0 0 3 0 1 0 1 0 1 0 0 3 0 1 0 1 0 1 0 0 3 0 1 0 1 0 1 0 0 3 0 1 0 1 0 1 0 0 3 0 1 0 1 0 1 0 0 12 0 1 0 1 0 1 0 0 16 0 4 0 1 0 1 0 12 0 
10 3 10 0 5 13 4 7 2 19 5 5 13 4 5 7 5 7 5 6 12 9 6 5 13 4 9 10 7 8 10 4 7 10 24 10 12 6 13 21 6 0 3 3 3 3 3 3 3 3 0 3 3 3 3 3 3 3 3 0 3 3 3 3 3 3 3 3 1 3 3 3 3 3 3 3 3 1 3 3 3 3 3 3 3 3 1 3 3 3 3 3 3 3 3 1 3 4 3 3 3 3 3 3 1 3 4 3 3 3 3 4 3 1 3 4 3 3 3 3 4 3 1 3 4 3 3 3 3 4 3 1 3 4 3 3 3 3 4 3 4 3 4 3 3 3 3 4 3 4 3 4 3 3 3 3 4 3 4 3 4 3 3 3 3 4 3 4 3 4 3 3 3 3 4 3 4 3 4 3 3 15 3 4 3 4 3 4 3 3 19 3 7 3 4 3 4 3 13 3 
7 0 10 1 2 10 1 4 3 16 2 2 10 1 2 4 2 4 2 6 9 7 3 2 10 1 6 8 4 5 7 1 4 7 21 7 11 3 10 18 3 1 0 0 0 0 0 0 0 0 1 0 0 0 0 0 0 0 0 1 0 0 0 0 0 0 0 0 1 0 0 0 0 0 0 0 0 1 0 0 0 0 0 0 0 0 1 0 0 0 0 0 0 0 0 1 0 1 0 0 0 0 0 0 1 0 1 0 0 3 0 1 0 1 0 1 0 0 3 0 1 0 1 0 1 0 0 3 0 1 0 1 0 1 0 0 3 0 1 0 1 0 1 0 0 3 0 1 0 1 0 1 0 0 3 0 1 0 1 0 1 0 0 3 0 1 0 1 0 1 0 0 3 0 1 0 1 0 1 0 0 12 0 1 0 1 0 1 0 0 16 0 4 0 1 0 1 0 12 0 
7 0 10 1 2 10 1 4 3 16 2 2 10 1 2 4 2 4 2 6 9 7 3 2 10 1 6 8 4 5 7 1 4 7 21 7 11 3 10 18 3 1 0 0 0 0 0 0 0 0 1 0 0 0 0 0 0 0 0 1 0 0 0 0 0 0 0 0 1 0 0 0 0 0 0 0 0 1 0 0 0 0 0 0 0 0 1 0 0 0 0 0 0 0 0 1 0 1 0 0 0 0 0 0 1 0 1 0 0 3 0 1 0 1 0 1 0 0 3 0 1 0 1 0 1 0 0 3 0 1 0 1 0 1 0 0 3 0 1 0 1 0 1 0 0 3 0 1 0 1 0 1 0 0 3 0 1 0 1 0 1 0 0 3 0 1 0 1 0 1 0 0 3 0 1 0 1 0 1 0 0 12 0 1 0 1 0 1 0 0 16 0 4 0 1 0 1 0 12 0 
7 0 10 1 2 10 1 4 3 16 2 2 10 1 2 4 2 4 2 6 9 7 3 2 10 1 6 8 4 5 7 1 4 7 21 7 11 3 10 18 3 1 0 0 0 0 0 0 0 0 1 0 0 0 0 0 0 0 0 1 0 0 0 0 0 0 0 0 1 0 0 0 0 0 0 0 0 1 0 0 0 0 0 0 0 0 1 0 0 0 0 0 0 0 0 1 0 1 0 0 0 0 0 0 1 0 1 0 0 3 0 1 0 1 0 1 0 0 3 0 1 0 1 0 1 0 0 3 0 1 0 1 0 1 0 0 3 0 1 0 1 0 1 0 0 3 0 1 0 1 0 1 0 0 3 0 1 0 1 0 1 0 0 3 0 1 0 1 0 1 0 0 3 0 1 0 1 0 1 0 0 12 0 1 0 1 0 1 0 0 16 0 4 0 1 0 1 0 12 0 
7 0 10 1 2 10 1 4 3 16 2 2 10 1 2 4 2 4 2 6 9 7 3 2 10 1 6 8 4 5 7 1 4 7 21 7 11 3 10 18 3 1 0 0 0 0 0 0 0 0 1 0 0 0 0 0 0 0 0 1 0 0 0 0 0 0 0 0 1 0 0 0 0 0 0 0 0 1 0 0 0 0 0 0 0 0 1 0 0 0 0 0 0 0 0 1 0 1 0 0 0 0 0 0 1 0 1 0 0 3 0 1 0 1 0 1 0 0 3 0 1 0 1 0 1 0 0 3 0 1 0 1 0 1 0 0 3 0 1 0 1 0 1 0 0 3 0 1 0 1 0 1 0 0 3 0 1 0 1 0 1 0 0 3 0 1 0 1 0 1 0 0 3 0 1 0 1 0 1 0 0 12 0 1 0 1 0 1 0 0 16 0 4 0 1 0 1 0 12 0 
7 0 10 1 2 10 1 4 3 16 2 2 10 1 2 4 2 4 2 6 9 7 3 2 10 1 6 8 4 5 7 1 4 7 21 7 11 3 10 18 3 1 0 0 0 0 0 0 0 0 1 0 0 0 0 0 0 0 0 1 0 0 0 0 0 0 0 0 1 0 0 0 0 0 0 0 0 1 0 0 0 0 0 0 0 0 1 0 0 0 0 0 0 0 0 1 0 1 0 0 0 0 0 0 1 0 1 0 0 3 0 1 0 1 0 1 0 0 3 0 1 0 1 0 1 0 0 3 0 1 0 1 0 1 0 0 3 0 1 0 1 0 1 0 0 3 0 1 0 1 0 1 0 0 3 0 1 0 1 0 1 0 0 3 0 1 0 1 0 1 0 0 3 0 1 0 1 0 1 0 0 12 0 1 0 1 0 1 0 0 16 0 4 0 1 0 1 0 12 0 
7 0 10 1 2 10 1 4 3 16 2 2 10 1 2 4 2 4 2 6 9 7 3 2 10 1 6 8 4 5 7 1 4 7 21 7 11 3 10 18 3 1 0 0 0 0 0 0 0 0 1 0 0 0 0 0 0 0 0 1 0 0 0 0 0 0 0 0 1 0 0 0 0 0 0 0 0 1 0 0 0 0 0 0 0 0 1 0 0 0 0 0 0 0 0 1 0 1 0 0 0 0 0 0 1 0 1 0 0 3 0 1 0 1 0 1 0 0 3 0 1 0 1 0 1 0 0 3 0 1 0 1 0 1 0 0 3 0 1 0 1 0 1 0 0 3 0 1 0 1 0 1 0 0 3 0 1 0 1 0 1 0 0 3 0 1 0 1 0 1 0 0 3 0 1 0 1 0 1 0 0 12 0 1 0 1 0 1 0 0 16 0 4 0 1 0 1 0 12 0 
7 0 10 1 2 10 1 4 3 16 2 2 10 1 2 4 2 4 2 6 9 7 3 2 10 1 6 8 4 5 7 1 4 7 21 7 11 3 10 18 3 1 0 0 0 0 0 0 0 0 1 0 0 0 0 0 0 0 0 1 0 0 0 0 0 0 0 0 1 0 0 0 0 0 0 0 0 1 0 0 0 0 0 0 0 0 1 0 0 0 0 0 0 0 0 1 0 1 0 0 0 0 0 0 1 0 1 0 0 3 0 1 0 1 0 1 0 0 3 0 1 0 1 0 1 0 0 3 0 1 0 1 0 1 0 0 3 0 1 0 1 0 1 0 0 3 0 1 0 1 0 1 0 0 3 0 1 0 1 0 1 0 0 3 0 1 0 1 0 1 0 0 3 0 1 0 1 0 1 0 0 12 0 1 0 1 0 1 0 0 16 0 4 0 1 0 1 0 12 0 
7 0 10 1 2 10 1 4 3 16 2 2 10 1 2 4 2 4 2 6 9 7 3 2 10 1 6 8 4 5 7 1 4 7 21 7 11 3 10 18 3 1 0 0 0 0 0 0 0 0 1 0 0 0 0 0 0 0 0 1 0 0 0 0 0 0 0 0 1 0 0 0 0 0 0 0 0 1 0 0 0 0 0 0 0 0 1 0 0 0 0 0 0 0 0 1 0 1 0 0 0 0 0 0 1 0 1 0 0 3 0 1 0 1 0 1 0 0 3 0 1 0 1 0 1 0 0 3 0 1 0 1 0 1 0 0 3 0 1 0 1 0 1 0 0 3 0 1 0 1 0 1 0 0 3 0 1 0 1 0 1 0 0 3 0 1 0 1 0 1 0 0 3 0 1 0 1 0 1 0 0 12 0 1 0 1 0 1 0 0 16 0 4 0 1 0 1 0 12 0 
10 3 10 0 5 13 4 7 2 19 5 5 13 4 5 7 5 7 5 6 12 9 6 5 13 4 9 10 7 8 10 4 7 10 24 10 12 6 13 21 6 0 3 3 3 3 3 3 3 3 0 3 3 3 3 3 3 3 3 0 3 3 3 3 3 3 3 3 0 3 3 3 3 3 3 3 3 1 3 3 3 3 3 3 3 3 1 3 3 3 3 3 3 3 3 1 3 4 3 3 3 3 3 3 1 3 4 3 3 3 3 4 3 1 3 4 3 3 3 3 4 3 1 3 4 3 3 3 3 4 3 1 3 4 3 3 3 3 4 3 4 3 4 3 3 3 3 4 3 4 3 4 3 3 3 3 4 3 4 3 4 3 3 3 3 4 3 4 3 4 3 3 3 3 4 3 4 3 4 3 3 15 3 4 3 4 3 4 3 3 19 3 7 3 4 3 4 3 13 3 
7 0 10 1 2 10 1 4 3 16 2 2 10 1 2 4 2 4 2 6 9 7 3 2 10 1 6 8 4 5 7 1 4 7 21 7 11 3 10 18 3 1 0 0 0 0 0 0 0 0 1 0 0 0 0 0 0 0 0 1 0 0 0 0 0 0 0 0 1 0 0 0 0 0 0 0 0 1 0 0 0 0 0 0 0 0 1 0 0 0 0 0 0 0 0 1 0 1 0 0 0 0 0 0 1 0 1 0 0 3 0 1 0 1 0 1 0 0 3 0 1 0 1 0 1 0 0 3 0 1 0 1 0 1 0 0 3 0 1 0 1 0 1 0 0 3 0 1 0 1 0 1 0 0 3 0 1 0 1 0 1 0 0 3 0 1 0 1 0 1 0 0 3 0 1 0 1 0 1 0 0 12 0 1 0 1 0 1 0 0 16 0 4 0 1 0 1 0 12 0 
7 0 10 1 2 10 1 4 3 16 2 2 10 1 2 4 2 4 2 6 9 7 3 2 10 1 6 8 4 5 7 1 4 7 21 7 11 3 10 18 3 1 0 0 0 0 0 0 0 0 1 0 0 0 0 0 0 0 0 1 0 0 0 0 0 0 0 0 1 0 0 0 0 0 0 0 0 1 0 0 0 0 0 0 0 0 1 0 0 0 0 0 0 0 0 1 0 1 0 0 0 0 0 0 1 0 1 0 0 3 0 1 0 1 0 1 0 0 3 0 1 0 1 0 1 0 0 3 0 1 0 1 0 1 0 0 3 0 1 0 1 0 1 0 0 3 0 1 0 1 0 1 0 0 3 0 1 0 1 0 1 0 0 3 0 1 0 1 0 1 0 0 3 0 1 0 1 0 1 0 0 12 0 1 0 1 0 1 0 0 16 0 4 0 1 0 1 0 12 0 
7 0 10 1 2 10 1 4 3 16 2 2 10 1 2 4 2 4 2 6 9 7 3 2 10 1 6 8 4 5 7 1 4 7 21 7 11 3 10 18 3 1 0 0 0 0 0 0 0 0 1 0 0 0 0 0 0 0 0 1 0 0 0 0 0 0 0 0 1 0 0 0 0 0 0 0 0 1 0 0 0 0 0 0 0 0 1 0 0 0 0 0 0 0 0 1 0 1 0 0 0 0 0 0 1 0 1 0 0 3 0 1 0 1 0 1 0 0 3 0 1 0 1 0 1 0 0 3 0 1 0 1 0 1 0 0 3 0 1 0 1 0 1 0 0 3 0 1 0 1 0 1 0 0 3 0 1 0 1 0 1 0 0 3 0 1 0 1 0 1 0 0 3 0 1 0 1 0 1 0 0 12 0 1 0 1 0 1 0 0 16 0 4 0 1 0 1 0 12 0 
7 0 10 1 2 10 1 4 3 16 2 2 10 1 2 4 2 4 2 6 9 7 3 2 10 1 6 8 4 5 7 1 4 7 21 7 11 3 10 18 3 1 0 0 0 0 0 0 0 0 1 0 0 0 0 0 0 0 0 1 0 0 0 0 0 0 0 0 1 0 0 0 0 0 0 0 0 1 0 0 0 0 0 0 0 0 1 0 0 0 0 0 0 0 0 1 0 1 0 0 0 0 0 0 1 0 1 0 0 3 0 1 0 1 0 1 0 0 3 0 1 0 1 0 1 0 0 3 0 1 0 1 0 1 0 0 3 0 1 0 1 0 1 0 0 3 0 1 0 1 0 1 0 0 3 0 1 0 1 0 1 0 0 3 0 1 0 1 0 1 0 0 3 0 1 0 1 0 1 0 0 12 0 1 0 1 0 1 0 0 16 0 4 0 1 0 1 0 12 0 
7 0 10 1 2 10 1 4 3 16 2 2 10 1 2 4 2 4 2 6 9 7 3 2 10 1 6 8 4 5 7 1 4 7 21 7 11 3 10 18 3 1 0 0 0 0 0 0 0 0 1 0 0 0 0 0 0 0 0 1 0 0 0 0 0 0 0 0 1 0 0 0 0 0 0 0 0 1 0 0 0 0 0 0 0 0 1 0 0 0 0 0 0 0 0 1 0 1 0 0 0 0 0 0 1 0 1 0 0 3 0 1 0 1 0 1 0 0 3 0 1 0 1 0 1 0 0 3 0 1 0 1 0 1 0 0 3 0 1 0 1 0 1 0 0 3 0 1 0 1 0 1 0 0 3 0 1 0 1 0 1 0 0 3 0 1 0 1 0 1 0 0 3 0 1 0 1 0 1 0 0 12 0 1 0 1 0 1 0 0 16 0 4 0 1 0 1 0 12 0 
7 0 10 1 2 10 1 4 3 16 2 2 10 1 2 4 2 4 2 6 9 7 3 2 10 1 6 8 4 5 7 1 4 7 21 7 11 3 10 18 3 1 0 0 0 0 0 0 0 0 1 0 0 0 0 0 0 0 0 1 0 0 0 0 0 0 0 0 1 0 0 0 0 0 0 0 0 1 0 0 0 0 0 0 0 0 1 0 0 0 0 0 0 0 0 1 0 1 0 0 0 0 0 0 1 0 1 0 0 3 0 1 0 1 0 1 0 0 3 0 1 0 1 0 1 0 0 3 0 1 0 1 0 1 0 0 3 0 1 0 1 0 1 0 0 3 0 1 0 1 0 1 0 0 3 0 1 0 1 0 1 0 0 3 0 1 0 1 0 1 0 0 3 0 1 0 1 0 1 0 0 12 0 1 0 1 0 1 0 0 16 0 4 0 1 0 1 0 12 0 
7 0 10 1 2 10 1 4 3 16 2 2 10 1 2 4 2 4 2 6 9 7 3 2 10 1 6 8 4 5 7 1 4 7 21 7 11 3 10 18 3 1 0 0 0 0 0 0 0 0 1 0 0 0 0 0 0 0 0 1 0 0 0 0 0 0 0 0 1 0 0 0 0 0 0 0 0 1 0 0 0 0 0 0 0 0 1 0 0 0 0 0 0 0 0 1 0 1 0 0 0 0 0 0 1 0 1 0 0 3 0 1 0 1 0 1 0 0 3 0 1 0 1 0 1 0 0 3 0 1 0 1 0 1 0 0 3 0 1 0 1 0 1 0 0 3 0 1 0 1 0 1 0 0 3 0 1 0 1 0 1 0 0 3 0 1 0 1 0 1 0 0 3 0 1 0 1 0 1 0 0 12 0 1 0 1 0 1 0 0 16 0 4 0 1 0 1 0 12 0 
7 0 10 1 2 10 1 4 3 16 2 2 10 1 2 4 2 4 2 6 9 7 3 2 10 1 6 8 4 5 7 1 4 7 21 7 11 3 10 18 3 1 0 0 0 0 0 0 0 0 1 0 0 0 0 0 0 0 0 1 0 0 0 0 0 0 0 0 1 0 0 0 0 0 0 0 0 1 0 0 0 0 0 0 0 0 1 0 0 0 0 0 0 0 0 1 0 1 0 0 0 0 0 0 1 0 1 0 0 3 0 1 0 1 0 1 0 0 3 0 1 0 1 0 1 0 0 3 0 1 0 1 0 1 0 0 3 0 1 0 1 0 1 0 0 3 0 1 0 1 0 1 0 0 3 0 1 0 1 0 1 0 0 3 0 1 0 1 0 1 0 0 3 0 1 0 1 0 1 0 0 12 0 1 0 1 0 1 0 0 16 0 4 0 1 0 1 0 12 0 
9 2 10 0 4 12 3 6 2 18 4 4 12 3 4 6 4 6 4 6 11 9 5 4 12 3 8 10 6 7 9 3 6 9 23 9 12 5 12 20 5 0 2 2 2 2 2 2 2 2 0 2 2 2 2 2 2 2 2 0 2 2 2 2 2 2 2 2 0 2 2 2 2 2 2 2 2 0 2 2 2 2 2 2 2 2 1 2 2 2 2 2 2 2 2 1 2 3 2 2 2 2 2 2 1 2 3 2 2 3 2 3 2 1 2 3 2 2 3 2 3 2 1 2 3 2 2 3 2 3 2 1 2 3 2 2 3 2 3 2 3 2 3 2 2 3 2 3 2 3 2 3 2 2 3 2 3 2 3 2 3 2 2 3 2 3 2 3 2 3 2 2 3 2 3 2 3 2 3 2 2 14 2 3 2 3 2 3 2 2 18 2 6 2 3 2 3 2 13 2 
7 0 10 1 2 10 1 4 3 16 2 2 10 1 2 4 2 4 2 6 9 7 3 2 10 1 6 8 4 5 7 1 4 7 21 7 11 3 10 18 3 1 0 0 0 0 0 0 0 0 1 0 0 0 0 0 0 0 0 1 0 0 0 0 0 0 0 0 1 0 0 0 0 0 0 0 0 1 0 0 0 0 0 0 0 0 1 0 0 0 0 0 0 0 0 1 0 1 0 0 0 0 0 0 1 0 1 0 0 3 0 1 0 1 0 1 0 0 3 0 1 0 1 0 1 0 0 3 0 1 0 1 0 1 0 0 3 0 1 0 1 0 1 0 0 3 0 1 0 1 0 1 0 0 3 0 1 0 1 0 1 0 0 3 0 1 0 1 0 1 0 0 3 0 1 0 1 0 1 0 0 12 0 1 0 1 0 1 0 0 16 0 4 0 1 0 1 0 12 0 
7 0 10 1 2 10 1 4 3 16 2 2 10 1 2 4 2 4 2 6 9 7 3 2 10 1 6 8 4 5 7 1 4 7 21 7 11 3 10 18 3 1 0 0 0 0 0 0 0 0 1 0 0 0 0 0 0 0 0 1 0 0 0 0 0 0 0 0 1 0 0 0 0 0 0 0 0 1 0 0 0 0 0 0 0 0 1 0 0 0 0 0 0 0 0 1 0 1 0 0 0 0 0 0 1 0 1 0 0 3 0 1 0 1 0 1 0 0 3 0 1 0 1 0 1 0 0 3 0 1 0 1 0 1 0 0 3 0 1 0 1 0 1 0 0 3 0 1 0 1 0 1 0 0 3 0 1 0 1 0 1 0 0 3 0 1 0 1 0 1 0 0 3 0 1 0 1 0 1 0 0 12 0 1 0 1 0 1 0 0 16 0 4 0 1 0 1 0 12 0 
7 0 10 1 2 10 1 4 3 16 2 2 10 1 2 4 2 4 2 6 9 7 3 2 10 1 6 8 4 5 7 1 4 7 21 7 11 3 10 18 3 1 0 0 0 0 0 0 0 0 1 0 0 0 0 0 0 0 0 1 0 0 0 0 0 0 0 0 1 0 0 0 0 0 0 0 0 1 0 0 0 0 0 0 0 0 1 0 0 0 0 0 0 0 0 1 0 1 0 0 0 0 0 0 1 0 1 0 0 3 0 1 0 1 0 1 0 0 3 0 1 0 1 0 1 0 0 3 0 1 0 1 0 1 0 0 3 0 1 0 1 0 1 0 0 3 0 1 0 1 0 1 0 0 3 0 1 0 1 0 1 0 0 3 0 1 0 1 0 1 0 0 3 0 1 0 1 0 1 0 0 12 0 1 0 1 0 1 0 0 16 0 4 0 1 0 1 0 12 0 
7 0 10 1 2 10 1 4 3 16 2 2 10 1 2 4 2 4 2 6 9 7 3 2 10 1 6 8 4 5 7 1 4 7 21 7 11 3 10 18 3 1 0 0 0 0 0 0 0 0 1 0 0 0 0 0 0 0 0 1 0 0 0 0 0 0 0 0 1 0 0 0 0 0 0 0 0 1 0 0 0 0 0 0 0 0 1 0 0 0 0 0 0 0 0 1 0 1 0 0 0 0 0 0 1 0 1 0 0 3 0 1 0 1 0 1 0 0 3 0 1 0 1 0 1 0 0 3 0 1 0 1 0 1 0 0 3 0 1 0 1 0 1 0 0 3 0 1 0 1 0 1 0 0 3 0 1 0 1 0 1 0 0 3 0 1 0 1 0 1 0 0 3 0 1 0 1 0 1 0 0 12 0 1 0 1 0 1 0 0 16 0 4 0 1 0 1 0 12 0 
7 0 10 1 2 10 1 4 3 16 2 2 10 1 2 4 2 4 2 6 9 7 3 2 10 1 6 8 4 5 7 1 4 7 21 7 11 3 10 18 3 1 0 0 0 0 0 0 0 0 1 0 0 0 0 0 0 0 0 1 0 0 0 0 0 0 0 0 1 0 0 0 0 0 0 0 0 1 0 0 0 0 0 0 0 0 1 0 0 0 0 0 0 0 0 1 0 1 0 0 0 0 0 0 1 0 1 0 0 3 0 1 0 1 0 1 0 0 3 0 1 0 1 0 1 0 0 3 0 1 0 1 0 1 0 0 3 0 1 0 1 0 1 0 0 3 0 1 0 1 0 1 0 0 3 0 1 0 1 0 1 0 0 3 0 1 0 1 0 1 0 0 3 0 1 0 1 0 1 0 0 12 0 1 0 1 0 1 0 0 16 0 4 0 1 0 1 0 12 0 
7 0 10 1 2 10 1 4 3 16 2 2 10 1 2 4 2 4 2 6 9 7 3 2 10 1 6 8 4 5 7 1 4 7 21 7 11 3 10 18 3 1 0 0 0 0 0 0 0 0 1 0 0 0 0 0 0 0 0 1 0 0 0 0 0 0 0 0 1 0 0 0 0 0 0 0 0 1 0 0 0 0 0 0 0 0 1 0 0 0 0 0 0 0 0 1 0 1 0 0 0 0 0 0 1 0 1 0 0 3 0 1 0 1 0 1 0 0 3 0 1 0 1 0 1 0 0 3 0 1 0 1 0 1 0 0 3 0 1 0 1 0 1 0 0 3 0 1 0 1 0 1 0 0 3 0 1 0 1 0 1 0 0 3 0 1 0 1 0 1 0 0 3 0 1 0 1 0 1 0 0 12 0 1 0 1 0 1 0 0 16 0 4 0 1 0 1 0 12 0 
7 0 10 1 2 10 1 4 3 16 2 2 10 1 2 4 2 4 2 6 9 7 3 2 10 1 6 8 4 5 7 1 4 7 21 7 11 3 10 18 3 1 0 0 0 0 0 0 0 0 1 0 0 0 0 0 0 0 0 1 0 0 0 0 0 0 0 0 1 0 0 0 0 0 0 0 0 1 0 0 0 0 0 0 0 0 1 0 0 0 0 0 0 0 0 1 0 1 0 0 0 0 0 0 1 0 1 0 0 3 0 1 0 1 0 1 0 0 3 0 1 0 1 0 1 0 0 3 0 1 0 1 0 1 0 0 3 0 1 0 1 0 1 0 0 3 0 1 0 1 0 1 0 0 3 0 1 0 1 0 1 0 0 3 0 1 0 1 0 1 0 0 3 0 1 0 1 0 1 0 0 12 0 1 0 1 0 1 0 0 16 0 4 0 1 0 1 0 12 0 
7 0 10 1 2 10 1 4 3 16 2 2 10 1 2 4 2 4 2 6 9 7 3 2 10 1 6 8 4 5 7 1 4 7 21 7 11 3 10 18 3 1 0 0 0 0 0 0 0 0 1 0 0 0 0 0 0 0 0 1 0 0 0 0 0 0 0 0 1 0 0 0 0 0 0 0 0 1 0 0 0 0 0 0 0 0 1 0 0 0 0 0 0 0 0 1 0 1 0 0 0 0 0 0 1 0 1 0 0 3 0 1 0 1 0 1 0 0 3 0 1 0 1 0 1 0 0 3 0 1 0 1 0 1 0 0 3 0 1 0 1 0 1 0 0 3 0 1 0 1 0 1 0 0 3 0 1 0 1 0 1 0 0 3 0 1 0 1 0 1 0 0 3 0 1 0 1 0 1 0 0 12 0 1 0 1 0 1 0 0 16 0 4 0 1 0 1 0 12 0 
9 2 10 0 4 12 3 6 2 18 4 4 12 3 4 6 4 6 4 6 11 9 5 4 12 3 8 10 6 7 9 3 6 9 23 9 12 5 12 20 5 0 2 2 2 2 2 2 2 2 0 2 2 2 2 2 2 2 2 0 2 2 2 2 2 2 2 2 0 2 2 2 2 2 2 2 2 0 2 2 2 2 2 2 2 2 0 2 2 2 2 2 2 2 2 1 2 3 2 2 2 2 2 2 1 2 3 2 2 3 2 3 2 1 2 3 2 2 3 2 3 2 1 2 3 2 2 3 2 3 2 1 2 3 2 2 3 2 3 2 3 2 3 2 2 3 2 3 2 3 2 3 2 2 3 2 3 2 3 2 3 2 2 3 2 3 2 3 2 3 2 2 3 2 3 2 3 2 3 2 2 14 2 3 2 3 2 3 2 2 18 2 6 2 3 2 3 2 13 2 
7 0 10 1 2 10 1 4 3 16 2 2 10 1 2 4 2 4 2 6 9 7 3 2 10 1 6 8 4 5 7 1 4 7 21 7 11 3 10 18 3 1 0 0 0 0 0 0 0 0 1 0 0 0 0 0 0 0 0 1 0 0 0 0 0 0 0 0 1 0 0 0 0 0 0 0 0 1 0 0 0 0 0 0 0 0 1 0 0 0 0 0 0 0 0 1 0 1 0 0 0 0 0 0 1 0 1 0 0 3 0 1 0 1 0 1 0 0 3 0 1 0 1 0 1 0 0 3 0 1 0 1 0 1 0 0 3 0 1 0 1 0 1 0 0 3 0 1 0 1 0 1 0 0 3 0 1 0 1 0 1 0 0 3 0 1 0 1 0 1 0 0 3 0 1 0 1 0 1 0 0 12 0 1 0 1 0 1 0 0 16 0 4 0 1 0 1 0 12 0 
7 0 10 1 2 10 1 4 3 16 2 2 10 1 2 4 2 4 2 6 9 7 3 2 10 1 6 8 4 5 7 1 4 7 21 7 11 3 10 18 3 1 0 0 0 0 0 0 0 0 1 0 0 0 0 0 0 0 0 1 0 0 0 0 0 0 0 0 1 0 0 0 0 0 0 0 0 1 0 0 0 0 0 0 0 0 1 0 0 0 0 0 0 0 0 1 0 1 0 0 0 0 0 0 1 0 1 0 0 3 0 1 0 1 0 1 0 0 3 0 1 0 1 0 1 0 0 3 0 1 0 1 0 1 0 0 3 0 1 0 1 0 1 0 0 3 0 1 0 1 0 1 0 0 3 0 1 0 1 0 1 0 0 3 0 1 0 1 0 1 0 0 3 0 1 0 1 0 1 0 0 12 0 1 0 1 0 1 0 0 16 0 4 0 1 0 1 0 12 0 
7 0 10 1 2 10 1 4 3 16 2 2 10 1 2 4 2 4 2 6 9 7 3 2 10 1 6 8 4 5 7 1 4 7 21 7 11 3 10 18 3 1 0 0 0 0 0 0 0 0 1 0 0 0 0 0 0 0 0 1 0 0 0 0 0 0 0 0 1 0 0 0 0 0 0 0 0 1 0 0 0 0 0 0 0 0 1 0 0 0 0 0 0 0 0 1 0 1 0 0 0 0 0 0 1 0 1 0 0 3 0 1 0 1 0 1 0 0 3 0 1 0 1 0 1 0 0 3 0 1 0 1 0 1 0 0 3 0 1 0 1 0 1 0 0 3 0 1 0 1 0 1 0 0 3 0 1 0 1 0 1 0 0 3 0 1 0 1 0 1 0 0 3 0 1 0 1 0 1 0 0 12 0 1 0 1 0 1 0 0 16 0 4 0 1 0 1 0 12 0 
7 0 10 1 2 10 1 4 3 16 2 2 10 1 2 4 2 4 2 6 9 7 3 2 10 1 6 8 4 5 7 1 4 7 21 7 11 3 10 18 3 1 0 0 0 0 0 0 0 0 1 0 0 0 0 0 0 0 0 1 0 0 0 0 0 0 0 0 1 0 0 0 0 0 0 0 0 1 0 0 0 0 0 0 0 0 1 0 0 0 0 0 0 0 0 1 0 1 0 0 0 0 0 0 1 0 1 0 0 3 0 1 0 1 0 1 0 0 3 0 1 0 1 0 1 0 0 3 0 1 0 1 0 1 0 0 3 0 1 0 1 0 1 0 0 3 0 1 0 1 0 1 0 0 3 0 1 0 1 0 1 0 0 3 0 1 0 1 0 1 0 0 3 0 1 0 1 0 1 0 0 12 0 1 0 1 0 1 0 0 16 0 4 0 1 0 1 0 12 0 
7 0 10 1 2 10 1 4 3 16 2 2 10 1 2 4 2 4 2 6 9 7 3 2 10 1 6 8 4 5 7 1 4 7 21 7 11 3 10 18 3 1 0 0 0 0 0 0 0 0 1 0 0 0 0 0 0 0 0 1 0 0 0 0 0 0 0 0 1 0 0 0 0 0 0 0 0 1 0 0 0 0 0 0 0 0 1 0 0 0 0 0 0 0 0 1 0 1 0 0 0 0 0 0 1 0 1 0 0 3 0 1 0 1 0 1 0 0 3 0 1 0 1 0 1 0 0 3 0 1 0 1 0 1 0 0 3 0 1 0 1 0 1 0 0 3 0 1 0 1 0 1 0 0 3 0 1 0 1 0 1 0 0 3 0 1 0 1 0 1 0 0 3 0 1 0 1 0 1 0 0 12 0 1 0 1 0 1 0 0 16 0 4 0 1 0 1 0 12 0 
7 0 10 1 2 10 1 4 3 16 2 2 10 1 2 4 2 4 2 6 9 7 3 2 10 1 6 8 4 5 7 1 4 7 21 7 11 3 10 18 3 1 0 0 0 0 0 0 0 0 1 0 0 0 0 0 0 0 0 1 0 0 0 0 0 0 0 0 1 0 0 0 0 0 0 0 0 1 0 0 0 0 0 0 0 0 1 0 0 0 0 0 0 0 0 1 0 1 0 0 0 0 0 0 1 0 1 0 0 3 0 1 0 1 0 1 0 0 3 0 1 0 1 0 1 0 0 3 0 1 0 1 0 1 0 0 3 0 1 0 1 0 1 0 0 3 0 1 0 1 0 1 0 0 3 0 1 0 1 0 1 0 0 3 0 1 0 1 0 1 0 0 3 0 1 0 1 0 1 0 0 12 0 1 0 1 0 1 0 0 16 0 4 0 1 0 1 0 12 0 
7 0 10 1 2 10 1 4 3 16 2 2 10 1 2 4 2 4 2 6 9 7 3 2 10 1 6 8 4 5 7 1 4 7 21 7 11 3 10 18 3 1 0 0 0 0 0 0 0 0 1 0 0 0 0 0 0 0 0 1 0 0 0 0 0 0 0 0 1 0 0 0 0 0 0 0 0 1 0 0 0 0 0 0 0 0 1 0 0 0 0 0 0 0 0 1 0 1 0 0 0 0 0 0 1 0 1 0 0 3 0 1 0 1 0 1 0 0 3 0 1 0 1 0 1 0 0 3 0 1 0 1 0 1 0 0 3 0 1 0 1 0 1 0 0 3 0 1 0 1 0 1 0 0 3 0 1 0 1 0 1 0 0 3 0 1 0 1 0 1 0 0 3 0 1 0 1 0 1 0 0 12 0 1 0 1 0 1 0 0 16 0 4 0 1 0 1 0 12 0 
7 0 10 1 2 10 1 4 3 16 2 2 10 1 2 4 2 4 2 6 9 7 3 2 10 1 6 8 4 5 7 1 4 7 21 7 11 3 10 18 3 1 0 0 0 0 0 0 0 0 1 0 0 0 0 0 0 0 0 1 0 0 0 0 0 0 0 0 1 0 0 0 0 0 0 0 0 1 0 0 0 0 0 0 0 0 1 0 0 0 0 0 0 0 0 1 0 1 0 0 0 0 0 0 1 0 1 0 0 3 0 1 0 1 0 1 0 0 3 0 1 0 1 0 1 0 0 3 0 1 0 1 0 1 0 0 3 0 1 0 1 0 1 0 0 3 0 1 0 1 0 1 0 0 3 0 1 0 1 0 1 0 0 3 0 1 0 1 0 1 0 0 3 0 1 0 1 0 1 0 0 12 0 1 0 1 0 1 0 0 16 0 4 0 1 0 1 0 12 0 
9 2 10 0 4 12 3 6 2 18 4 4 12 3 4 6 4 6 4 6 11 9 5 4 12 3 8 10 6 7 9 3 6 9 23 9 11 5 12 20 5 0 2 2 2 2 2 2 2 2 0 2 2 2 2 2 2 2 2 0 2 2 2 2 2 2 2 2 0 2 2 2 2 2 2 2 2 0 2 2 2 2 2 2 2 2 0 2 2 2 2 2 2 2 2 0 2 3 2 2 2 2 2 2 1 2 3 2 2 3 2 3 2 1 2 3 2 2 3 2 3 2 1 2 3 2 2 3 2 3 2 1 2 3 2 2 3 2 3 2 3 2 3 2 2 3 2 3 2 3 2 3 2 2 3 2 3 2 3 2 3 2 2 3 2 3 2 3 2 3 2 2 3 2 3 2 3 2 3 2 2 14 2 3 2 3 2 3 2 2 18 2 6 2 3 2 3 2 13 2 
7 0 10 1 2 10 1 4 3 16 2 2 10 1 2 4 2 4 2 6 9 7 3 2 10 1 6 8 4 5 7 1 4 7 21 7 11 3 10 18 3 1 0 0 0 0 0 0 0 0 1 0 0 0 0 0 0 0 0 1 0 0 0 0 0 0 0 0 1 0 0 0 0 0 0 0 0 1 0 0 0 0 0 0 0 0 1 0 0 0 0 0 0 0 0 1 0 1 0 0 0 0 0 0 1 0 1 0 0 3 0 1 0 1 0 1 0 0 3 0 1 0 1 0 1 0 0 3 0 1 0 1 0 1 0 0 3 0 1 0 1 0 1 0 0 3 0 1 0 1 0 1 0 0 3 0 1 0 1 0 1 0 0 3 0 1 0 1 0 1 0 0 3 0 1 0 1 0 1 0 0 12 0 1 0 1 0 1 0 0 16 0 4 0 1 0 1 0 12 0 
7 0 10 1 2 10 1 4 3 16 2 2 10 1 2 4 2 4 2 6 9 7 3 2 10 1 6 8 4 5 7 1 4 7 21 7 11 3 10 18 3 1 0 0 0 0 0 0 0 0 1 0 0 0 0 0 0 0 0 1 0 0 0 0 0 0 0 0 1 0 0 0 0 0 0 0 0 1 0 0 0 0 0 0 0 0 1 0 0 0 0 0 0 0 0 1 0 0 0 0 0 0 0 0 1 0 1 0 0 3 0 1 0 1 0 1 0 0 3 0 1 0 1 0 1 0 0 3 0 1 0 1 0 1 0 0 3 0 1 0 1 0 1 0 0 3 0 1 0 1 0 1 0 0 3 0 1 0 1 0 1 0 0 3 0 1 0 1 0 1 0 0 3 0 1 0 1 0 1 0 0 12 0 1 0 1 0 1 0 0 16 0 4 0 1 0 1 0 12 0 
7 0 10 1 2 10 1 4 3 16 2 2 10 1 2 4 2 4 2 6 9 7 3 2 10 1 6 8 4 5 7 1 4 7 21 7 11 3 10 18 3 1 0 0 0 0 0 0 0 0 1 0 0 0 0 0 0 0 0 1 0 0 0 0 0 0 0 0 1 0 0 0 0 0 0 0 0 1 0 0 0 0 0 0 0 0 1 0 0 0 0 0 0 0 0 1 0 1 0 0 0 0 0 0 1 0 1 0 0 3 0 1 0 1 0 1 0 0 3 0 1 0 1 0 1 0 0 3 0 1 0 1 0 1 0 0 3 0 1 0 1 0 1 0 0 3 0 1 0 1 0 1 0 0 3 0 1 0 1 0 1 0 0 3 0 1 0 1 0 1 0 0 3 0 1 0 1 0 1 0 0 12 0 1 0 1 0 1 0 0 16 0 4 0 1 0 1 0 12 0 
7 0 10 1 2 10 1 4 3 16 2 2 10 1 2 4 2 4 2 6 9 7 3 2 10 1 6 8 4 5 7 1 4 7 21 7 11 3 10 18 3 1 0 0 0 0 0 0 0 0 1 0 0 0 0 0 0 0 0 1 0 0 0 0 0 0 0 0 1 0 0 0 0 0 0 0 0 1 0 0 0 0 0 0 0 0 1 0 0 0 0 0 0 0 0 1 0 1 0 0 0 0 0 0 1 0 1 0 0 3 0 1 0 1 0 1 0 0 3 0 1 0 1 0 1 0 0 3 0 1 0 1 0 1 0 0 3 0 1 0 1 0 1 0 0 3 0 1 0 1 0 1 0 0 3 0 1 0 1 0 1 0 0 3 0 1 0 1 0 1 0 0 3 0 1 0 1 0 1 0 0 12 0 1 0 1 0 1 0 0 16 0 4 0 1 0 1 0 12 0 
7 0 10 1 2 10 1 4 3 16 2 2 10 1 2 4 2 4 2 6 9 7 3 2 10 1 6 8 4 5 7 1 4 7 21 7 11 3 10 18 3 1 0 0 0 0 0 0 0 0 1 0 0 0 0 0 0 0 0 1 0 0 0 0 0 0 0 0 1 0 0 0 0 0 0 0 0 1 0 0 0 0 0 0 0 0 1 0 0 0 0 0 0 0 0 1 0 1 0 0 0 0 0 0 1 0 1 0 0 3 0 1 0 1 0 1 0 0 3 0 1 0 1 0 1 0 0 3 0 1 0 1 0 1 0 0 3 0 1 0 1 0 1 0 0 3 0 1 0 1 0 1 0 0 3 0 1 0 1 0 1 0 0 3 0 1 0 1 0 1 0 0 3 0 1 0 1 0 1 0 0 12 0 1 0 1 0 1 0 0 16 0 4 0 1 0 1 0 12 0 
7 0 10 1 2 10 1 4 3 16 2 2 10 1 2 4 2 4 2 6 9 7 3 2 10 1 6 8 4 5 7 1 4 7 21 7 11 3 10 18 3 1 0 0 0 0 0 0 0 0 1 0 0 0 0 0 0 0 0 1 0 0 0 0 0 0 0 0 1 0 0 0 0 0 0 0 0 1 0 0 0 0 0 0 0 0 1 0 0 0 0 0 0 0 0 1 0 1 0 0 0 0 0 0 1 0 1 0 0 3 0 1 0 1 0 1 0 0 3 0 1 0 1 0 1 0 0 3 0 1 0 1 0 1 0 0 3 0 1 0 1 0 1 0 0 3 0 1 0 1 0 1 0 0 3 0 1 0 1 0 1 0 0 3 0 1 0 1 0 1 0 0 3 0 1 0 1 0 1 0 0 12 0 1 0 1 0 1 0 0 16 0 4 0 1 0 1 0 12 0 
7 0 10 1 2 10 1 4 3 16 2 2 10 1 2 4 2 4 2 6 9 7 3 2 10 1 6 8 4 5 7 1 4 7 21 7 11 3 10 18 3 1 0 0 0 0 0 0 0 0 1 0 0 0 0 0 0 0 0 1 0 0 0 0 0 0 0 0 1 0 0 0 0 0 0 0 0 1 0 0 0 0 0 0 0 0 1 0 0 0 0 0 0 0 0 1 0 1 0 0 0 0 0 0 1 0 1 0 0 3 0 1 0 1 0 1 0 0 3 0 1 0 1 0 1 0 0 3 0 1 0 1 0 1 0 0 3 0 1 0 1 0 1 0 0 3 0 1 0 1 0 1 0 0 3 0 1 0 1 0 1 0 0 3 0 1 0 1 0 1 0 0 3 0 1 0 1 0 1 0 0 12 0 1 0 1 0 1 0 0 16 0 4 0 1 0 1 0 12 0 
7 0 10 1 2 10 1 4 3 16 2 2 10 1 2 4 2 4 2 6 9 7 3 2 10 1 6 8 4 5 7 1 4 7 21 7 11 3 10 18 3 1 0 0 0 0 0 0 0 0 1 0 0 0 0 0 0 0 0 1 0 0 0 0 0 0 0 0 1 0 0 0 0 0 0 0 0 1 0 0 0 0 0 0 0 0 1 0 0 0 0 0 0 0 0 1 0 1 0 0 0 0 0 0 1 0 1 0 0 3 0 1 0 1 0 1 0 0 3 0 1 0 1 0 1 0 0 3 0 1 0 1 0 1 0 0 3 0 1 0 1 0 1 0 0 3 0 1 0 1 0 1 0 0 3 0 1 0 1 0 1 0 0 3 0 1 0 1 0 1 0 0 3 0 1 0 1 0 1 0 0 12 0 1 0 1 0 1 0 0 16 0 4 0 1 0 1 0 12 0 
9 2 9 0 4 12 3 6 2 18 4 4 12 3 4 6 4 6 4 6 11 8 5 4 12 3 8 9 6 7 9 3 6 9 23 9 11 5 12 20 5 0 2 2 2 2 2 2 2 2 0 2 2 2 2 2 2 2 2 0 2 2 2 2 2 2 2 2 0 2 2 2 2 2 2 2 2 0 2 2 2 2 2 2 2 2 0 2 2 2 2 2 2 2 2 0 2 3 2 2 2 2 2 2 0 2 3 2 2 2 2 3 2 1 2 3 2 2 2 2 3 2 1 2 3 2 2 2 2 3 2 1 2 3 2 2 2 2 3 2 3 2 3 2 2 2 2 3 2 3 2 3 2 2 2 2 3 2 3 2 3 2 2 2 2 3 2 3 2 3 2 2 2 2 3 2 3 2 3 2 2 14 2 3 2 3 2 3 2 2 18 2 6 2 3 2 3 2 13 2 
7 0 10 1 2 10 1 4 3 16 2 2 10 1 2 4 2 4 2 6 9 7 3 2 10 1 6 8 4 5 7 1 4 7 21 7 11 3 10 18 3 1 0 0 0 0 0 0 0 0 1 0 0 0 0 0 0 0 0 1 0 0 0 0 0 0 0 0 1 0 0 0 0 0 0 0 0 1 0 0 0 0 0 0 0 0 1 0 0 0 0 0 0 0 0 1 0 1 0 0 0 0 0 0 1 0 1 0 0 3 0 1 0 1 0 1 0 0 3 0 1 0 1 0 1 0 0 3 0 1 0 1 0 1 0 0 3 0 1 0 1 0 1 0 0 3 0 1 0 1 0 1 0 0 3 0 1 0 1 0 1 0 0 3 0 1 0 1 0 1 0 0 3 0 1 0 1 0 1 0 0 12 0 1 0 1 0 1 0 0 16 0 4 0 1 0 1 0 12 0 
7 0 10 1 2 10 1 4 3 16 2 2 10 1 2 4 2 4 2 6 9 7 3 2 10 1 6 8 3 5 7 1 4 7 21 7 11 3 10 18 3 1 0 0 0 0 0 0 0 0 1 0 0 0 0 0 0 0 0 1 0 0 0 0 0 0 0 0 1 0 0 0 0 0 0 0 0 1 0 0 0 0 0 0 0 0 1 0 0 0 0 0 0 0 0 1 0 0 0 0 0 0 0 0 1 0 0 0 0 3 0 1 0 1 0 1 0 0 3 0 1 0 1 0 1 0 0 3 0 1 0 1 0 1 0 0 3 0 1 0 1 0 1 0 0 3 0 1 0 1 0 1 0 0 3 0 1 0 1 0 1 0 0 3 0 1 0 1 0 1 0 0 3 0 1 0 1 0 1 0 0 12 0 1 0 1 0 1 0 0 16 0 4 0 1 0 1 0 12 0 
7 0 10 1 2 10 1 4 3 16 2 2 10 1 2 4 2 4 2 6 9 7 3 2 10 1 6 8 4 5 7 1 4 7 21 7 11 3 10 18 3 1 0 0 0 0 0 0 0 0 1 0 0 0 0 0 0 0 0 1 0 0 0 0 0 0 0 0 1 0 0 0 0 0 0 0 0 1 0 0 0 0 0 0 0 0 1 0 0 0 0 0 0 0 0 1 0 1 0 0 0 0 0 0 1 0 1 0 0 3 0 1 0 1 0 1 0 0 3 0 1 0 1 0 1 0 0 3 0 1 0 1 0 1 0 0 3 0 1 0 1 0 1 0 0 3 0 1 0 1 0 1 0 0 3 0 1 0 1 0 1 0 0 3 0 1 0 1 0 1 0 0 3 0 1 0 1 0 1 0 0 12 0 1 0 1 0 1 0 0 16 0 4 0 1 0 1 0 12 0 
7 0 10 1 2 10 1 4 3 16 2 2 10 1 2 4 2 4 2 6 9 7 3 2 10 1 6 8 4 5 7 1 4 7 21 7 11 3 10 18 3 1 0 0 0 0 0 0 0 0 1 0 0 0 0 0 0 0 0 1 0 0 0 0 0 0 0 0 1 0 0 0 0 0 0 0 0 1 0 0 0 0 0 0 0 0 1 0 0 0 0 0 0 0 0 1 0 1 0 0 0 0 0 0 1 0 1 0 0 3 0 1 0 1 0 1 0 0 3 0 1 0 1 0 1 0 0 3 0 1 0 1 0 1 0 0 3 0 1 0 1 0 1 0 0 3 0 1 0 1 0 1 0 0 3 0 1 0 1 0 1 0 0 3 0 1 0 1 0 1 0 0 3 0 1 0 1 0 1 0 0 12 0 1 0 1 0 1 0 0 16 0 4 0 1 0 1 0 12 0 
7 0 10 1 2 10 1 4 3 16 2 2 10 1 2 4 2 4 2 6 9 7 3 2 10 1 6 8 4 5 7 1 4 7 21 7 11 3 10 18 3 1 0 0 0 0 0 0 0 0 1 0 0 0 0 0 0 0 0 1 0 0 0 0 0 0 0 0 1 0 0 0 0 0 0 0 0 1 0 0 0 0 0 0 0 0 1 0 0 0 0 0 0 0 0 1 0 1 0 0 0 0 0 0 1 0 1 0 0 0 0 1 0 1 0 1 0 0 3 0 1 0 1 0 1 0 0 3 0 1 0 1 0 1 0 0 3 0 1 0 1 0 1 0 0 3 0 1 0 1 0 1 0 0 3 0 1 0 1 0 1 0 0 3 0 1 0 1 0 1 0 0 3 0 1 0 1 0 1 0 0 12 0 1 0 1 0 1 0 0 16 0 4 0 1 0 1 0 12 0 
7 0 10 1 2 10 1 4 3 16 2 2 10 1 2 4 2 4 2 6 9 7 3 2 10 1 6 8 4 5 7 1 4 7 21 7 11 3 10 18 3 1 0 0 0 0 0 0 0 0 1 0 0 0 0 0 0 0 0 1 0 0 0 0 0 0 0 0 1 0 0 0 0 0 0 0 0 1 0 0 0 0 0 0 0 0 1 0 0 0 0 0 0 0 0 1 0 1 0 0 0 0 0 0 1 0 1 0 0 3 0 1 0 1 0 1 0 0 3 0 1 0 1 0 1 0 0 3 0 1 0 1 0 1 0 0 3 0 1 0 1 0 1 0 0 3 0 1 0 1 0 1 0 0 3 0 1 0 1 0 1 0 0 3 0 1 0 1 0 1 0 0 3 0 1 0 1 0 1 0 0 12 0 1 0 1 0 1 0 0 16 0 4 0 1 0 1 0 12 0 
7 0 10 1 2 10 1 4 3 16 2 2 10 1 2 4 2 4 2 6 9 7 3 2 10 1 6 8 4 5 7 1 4 7 21 7 11 3 10 18 3 1 0 0 0 0 0 0 0 0 1 0 0 0 0 0 0 0 0 1 0 0 0 0 0 0 0 0 1 0 0 0 0 0 0 0 0 1 0 0 0 0 0 0 0 0 1 0 0 0 0 0 0 0 0 1 0 1 0 0 0 0 0 0 1 0 1 0 0 3 0 0 0 1 0 1 0 0 3 0 1 0 1 0 1 0 0 3 0 1 0 1 0 1 0 0 3 0 1 0 1 0 1 0 0 3 0 1 0 1 0 1 0 0 3 0 1 0 1 0 1 0 0 3 0 1 0 1 0 1 0 0 3 0 1 0 1 0 1 0 0 12 0 1 0 1 0 1 0 0 16 0 4 0 1 0 1 0 12 0 
7 0 10 1 2 10 1 4 3 16 2 2 10 1 2 4 2 4 2 6 9 7 3 2 10 1 6 8 4 5 7 1 4 7 21 7 11 3 10 18 3 1 0 0 0 0 0 0 0 0 1 0 0 0 0 0 0 0 0 1 0 0 0 0 0 0 0 0 1 0 0 0 0 0 0 0 0 1 0 0 0 0 0 0 0 0 1 0 0 0 0 0 0 0 0 1 0 1 0 0 0 0 0 0 1 0 1 0 0 3 0 1 0 1 0 1 0 0 3 0 1 0 1 0 1 0 0 3 0 1 0 1 0 1 0 0 3 0 1 0 1 0 1 0 0 3 0 1 0 1 0 1 0 0 3 0 1 0 1 0 1 0 0 3 0 1 0 1 0 1 0 0 3 0 1 0 1 0 1 0 0 12 0 1 0 1 0 1 0 0 16 0 4 0 1 0 1 0 12 0 
9 2 9 0 4 12 3 6 2 18 4 4 12 3 4 6 4 6 4 6 11 8 5 4 12 3 8 9 6 7 9 3 6 9 23 9 11 5 12 20 5 0 2 2 2 2 2 2 2 2 0 2 2 2 2 2 2 2 2 0 2 2 2 2 2 2 2 2 0 2 2 2 2 2 2 2 2 0 2 2 2 2 2 2 2 2 0 2 2 2 2 2 2 2 2 0 2 3 2 2 2 2 2 2 0 2 3 2 2 2 2 3 2 0 2 3 2 2 2 2 3 2 1 2 3 2 2 2 2 3 2 1 2 3 2 2 2 2 3 2 3 2 3 2 2 2 2 3 2 3 2 3 2 2 2 2 3 2 3 2 3 2 2 2 2 3 2 3 2 3 2 2 2 2 3 2 3 2 3 2 2 14 2 3 2 3 2 3 2 2 18 2 6 2 3 2 3 2 12 2 
7 0 10 1 2 10 1 4 3 16 2 2 10 1 2 4 2 4 2 6 9 7 3 2 10 1 6 8 4 5 7 1 4 7 21 7 11 3 10 18 3 1 0 0 0 0 0 0 0 0 1 0 0 0 0 0 0 0 0 1 0 0 0 0 0 0 0 0 1 0 0 0 0 0 0 0 0 1 0 0 0 0 0 0 0 0 1 0 0 0 0 0 0 0 0 1 0 1 0 0 0 0 0 0 1 0 1 0 0 3 0 1 0 1 0 1 0 0 3 0 1 0 1 0 1 0 0 3 0 1 0 1 0 1 0 0 3 0 1 0 1 0 1 0 0 3 0 1 0 1 0 1 0 0 3 0 1 0 1 0 1 0 0 3 0 1 0 1 0 1 0 0 3 0 1 0 1 0 1 0 0 12 0 1 0 1 0 1 0 0 16 0 4 0 1 0 1 0 12 0 
7 0 10 1 2 10 1 4 3 16 2 2 10 1 2 4 2 4 2 6 9 7 3 1 10 1 6 8 3 5 7 1 4 7 21 7 11 3 10 18 3 1 0 0 0 0 0 0 0 0 1 0 0 0 0 0 0 0 0 1 0 0 0 0 0 0 0 0 1 0 0 0 0 0 0 0 0 1 0 0 0 0 0 0 0 0 1 0 0 0 0 0 0 0 0 1 0 0 0 0 0 0 0 0 1 0 0 0 0 3 0 1 0 1 0 0 0 0 3 0 1 0 1 0 1 0 0 3 0 1 0 1 0 1 0 0 3 0 1 0 1 0 1 0 0 3 0 1 0 1 0 1 0 0 3 0 1 0 1 0 1 0 0 3 0 1 0 1 0 1 0 0 3 0 1 0 1 0 1 0 0 12 0 1 0 1 0 1 0 0 16 0 4 0 1 0 1 0 12 0 
7 0 10 1 2 10 1 4 3 16 2 2 10 1 2 4 2 4 2 6 9 7 3 2 10 1 6 8 4 5 7 1 4 7 21 7 11 3 10 18 3 1 0 0 0 0 0 0 0 0 1 0 0 0 0 0 0 0 0 1 0 0 0 0 0 0 0 0 1 0 0 0 0 0 0 0 0 1 0 0 0 0 0 0 0 0 1 0 0 0 0 0 0 0 0 1 0 1 0 0 0 0 0 0 1 0 1 0 0 3 0 1 0 1 0 1 0 0 3 0 1 0 1 0 1 0 0 3 0 1 0 1 0 1 0 0 3 0 1 0 1 0 1 0 0 3 0 1 0 1 0 1 0 0 3 0 1 0 1 0 1 0 0 3 0 1 0 1 0 1 0 0 3 0 1 0 1 0 1 0 0 12 0 1 0 1 0 1 0 0 16 0 4 0 1 0 1 0 12 0 
7 0 10 1 2 10 1 4 3 16 2 2 10 1 2 4 2 4 2 6 9 7 3 2 10 1 6 8 4 5 7 1 4 7 21 7 11 3 10 18 3 1 0 0 0 0 0 0 0 0 1 0 0 0 0 0 0 0 0 1 0 0 0 0 0 0 0 0 1 0 0 0 0 0 0 0 0 1 0 0 0 0 0 0 0 0 1 0 0 0 0 0 0 0 0 1 0 1 0 0 0 0 0 0 1 0 1 0 0 3 0 1 0 1 0 1 0 0 3 0 1 0 1 0 1 0 0 3 0 1 0 1 0 1 0 0 3 0 1 0 1 0 1 0 0 3 0 1 0 1 0 1 0 0 3 0 1 0 1 0 1 0 0 3 0 1 0 1 0 1 0 0 3 0 1 0 1 0 1 0 0 12 0 1 0 1 0 1 0 0 16 0 4 0 1 0 1 0 12 0 
7 0 10 1 2 10 1 4 3 16 2 2 10 1 2 4 2 4 2 6 9 7 3 2 10 1 6 8 4 5 7 1 4 7 21 7 11 3 10 18 3 1 0 0 0 0 0 0 0 0 1 0 0 0 0 0 0 0 0 1 0 0 0 0 0 0 0 0 1 0 0 0 0 0 0 0 0 1 0 0 0 0 0 0 0 0 1 0 0 0 0 0 0 0 0 1 0 1 0 0 0 0 0 0 1 0 1 0 0 0 0 1 0 1 0 1 0 0 0 0 1 0 1 0 1 0 0 3 0 1 0 1 0 1 0 0 3 0 1 0 1 0 1 0 0 3 0 1 0 1 0 1 0 0 3 0 1 0 1 0 1 0 0 3 0 1 0 1 0 1 0 0 3 0 1 0 1 0 1 0 0 12 0 1 0 1 0 1 0 0 16 0 4 0 1 0 1 0 12 0 
7 0 10 1 2 10 1 4 3 16 2 2 10 1 2 4 2 4 2 6 9 7 3 2 10 1 6 8 4 5 7 1 4 7 21 7 11 3 10 18 3 1 0 0 0 0 0 0 0 0 1 0 0 0 0 0 0 0 0 1 0 0 0 0 0 0 0 0 1 0 0 0 0 0 0 0 0 1 0 0 0 0 0 0 0 0 1 0 0 0 0 0 0 0 0 1 0 1 0 0 0 0 0 0 1 0 1 0 0 3 0 1 0 1 0 1 0 0 3 0 1 0 1 0 1 0 0 3 0 1 0 1 0 1 0 0 3 0 1 0 1 0 1 0 0 3 0 1 0 1 0 1 0 0 3 0 1 0 1 0 1 0 0 3 0 1 0 1 0 1 0 0 3 0 1 0 1 0 1 0 0 12 0 1 0 1 0 1 0 0 16 0 4 0 1 0 1 0 12 0 
7 0 10 1 2 10 1 4 3 16 2 2 10 1 2 3 2 4 2 6 9 7 3 2 10 1 6 8 4 5 7 1 4 7 21 7 11 3 10 18 3 1 0 0 0 0 0 0 0 0 1 0 0 0 0 0 0 0 0 1 0 0 0 0 0 0 0 0 1 0 0 0 0 0 0 0 0 1 0 0 0 0 0 0 0 0 1 0 0 0 0 0 0 0 0 1 0 1 0 0 0 0 0 0 1 0 1 0 0 3 0 0 0 1 0 1 0 0 3 0 0 0 1 0 1 0 0 3 0 1 0 1 0 1 0 0 3 0 1 0 1 0 1 0 0 3 0 1 0 1 0 1 0 0 3 0 1 0 1 0 1 0 0 3 0 1 0 1 0 1 0 0 3 0 1 0 1 0 1 0 0 12 0 1 0 1 0 1 0 0 16 0 4 0 1 0 1 0 12 0 
7 0 10 1 2 10 1 4 3 16 2 2 10 1 2 4 2 4 2 6 9 7 3 2 10 1 6 8 4 5 7 1 4 7 21 7 11 3 10 18 3 1 0 0 0 0 0 0 0 0 1 0 0 0 0 0 0 0 0 1 0 0 0 0 0 0 0 0 1 0 0 0 0 0 0 0 0 1 0 0 0 0 0 0 0 0 1 0 0 0 0 0 0 0 0 1 0 1 0 0 0 0 0 0 1 0 1 0 0 3 0 1 0 1 0 1 0 0 3 0 1 0 1 0 1 0 0 3 0 1 0 1 0 1 0 0 3 0 1 0 1 0 1 0 0 3 0 1 0 1 0 1 0 0 3 0 1 0 1 0 1 0 0 3 0 1 0 1 0 1 0 0 3 0 1 0 1 0 1 0 0 12 0 1 0 1 0 1 0 0 16 0 4 0 1 0 1 0 12 0 
9 2 9 0 4 12 3 6 2 18 4 4 12 3 4 6 4 6 4 6 11 8 5 4 12 3 8 9 6 7 9 3 6 9 23 9 11 5 12 20 5 0 2 2 2 2 2 2 2 2 0 2 2 2 2 2 2 2 2 0 2 2 2 2 2 2 2 2 0 2 2 2 2 2 2 2 2 0 2 2 2 2 2 2 2 2 0 2 2 2 2 2 2 2 2 0 2 3 2 2 2 2 2 2 0 2 3 2 2 2 2 3 2 0 2 3 2 2 2 2 3 2 0 2 3 2 2 2 2 3 2 1 2 3 2 2 2 2 3 2 3 2 3 2 2 2 2 3 2 3 2 3 2 2 2 2 3 2 3 2 3 2 2 2 2 3 2 3 2 3 2 2 2 2 3 2 3 2 3 2 2 14 2 3 2 3 2 3 2 2 18 2 6 2 3 2 3 2 12 2 
7 0 10 1 2 10 1 4 3 16 2 2 10 1 2 4 2 4 2 6 9 7 3 2 10 1 6 8 4 5 7 1 4 7 21 7 11 3 10 18 3 1 0 0 0 0 0 0 0 0 1 0 0 0 0 0 0 0 0 1 0 0 0 0 0 0 0 0 1 0 0 0 0 0 0 0 0 1 0 0 0 0 0 0 0 0 1 0 0 0 0 0 0 0 0 1 0 1 0 0 0 0 0 0 1 0 1 0 0 3 0 1 0 1 0 1 0 0 3 0 1 0 1 0 1 0 0 3 0 1 0 1 0 1 0 0 3 0 1 0 1 0 1 0 0 3 0 1 0 1 0 1 0 0 3 0 1 0 1 0 1 0 0 3 0 1 0 1 0 1 0 0 3 0 1 0 1 0 1 0 0 12 0 1 0 1 0 1 0 0 16 0 4 0 1 0 1 0 12 0 
7 0 10 1 2 10 1 4 3 16 2 2 10 1 2 4 2 4 2 6 9 7 3 1 10 1 6 8 3 5 7 1 4 7 21 7 11 3 10 18 3 1 0 0 0 0 0 0 0 0 1 0 0 0 0 0 0 0 0 1 0 0 0 0 0 0 0 0 1 0 0 0 0 0 0 0 0 1 0 0 0 0 0 0 0 0 1 0 0 0 0 0 0 0 0 1 0 0 0 0 0 0 0 0 1 0 0 0 0 3 0 1 0 1 0 0 0 0 3 0 1 0 1 0 0 0 0 3 0 1 0 1 0 1 0 0 3 0 1 0 1 0 1 0 0 3 0 1 0 1 0 1 0 0 3 0 1 0 1 0 1 0 0 3 0 1 0 1 0 1 0 0 3 0 1 0 1 0 1 0 0 12 0 1 0 1 0 1 0 0 16 0 4 0 1 0 1 0 12 0 
7 0 10 1 2 10 1 4 3 16 2 2 10 1 2 4 2 4 2 6 9 7 3 2 10 1 6 8 4 5 7 1 4 7 21 7 11 3 10 18 3 1 0 0 0 0 0 0 0 0 1 0 0 0 0 0 0 0 0 1 0 0 0 0 0 0 0 0 1 0 0 0 0 0 0 0 0 1 0 0 0 0 0 0 0 0 1 0 0 0 0 0 0 0 0 1 0 1 0 0 0 0 0 0 1 0 1 0 0 3 0 1 0 1 0 1 0 0 3 0 1 0 1 0 1 0 0 3 0 1 0 1 0 1 0 0 3 0 1 0 1 0 1 0 0 3 0 1 0 1 0 1 0 0 3 0 1 0 1 0 1 0 0 3 0 1 0 1 0 1 0 0 3 0 1 0 1 0 1 0 0 12 0 1 0 1 0 1 0 0 16 0 4 0 1 0 1 0 12 0 
7 0 10 1 2 10 1 4 3 16 2 2 10 1 2 4 2 4 2 6 9 7 3 2 10 1 6 8 4 5 7 1 4 7 21 7 11 3 10 18 3 1 0 0 0 0 0 0 0 0 1 0 0 0 0 0 0 0 0 1 0 0 0 0 0 0 0 0 1 0 0 0 0 0 0 0 0 1 0 0 0 0 0 0 0 0 1 0 0 0 0 0 0 0 0 1 0 1 0 0 0 0 0 0 1 0 1 0 0 3 0 1 0 1 0 1 0 0 3 0 1 0 1 0 1 0 0 3 0 1 0 1 0 1 0 0 3 0 1 0 1 0 1 0 0 3 0 1 0 1 0 1 0 0 3 0 1 0 1 0 1 0 0 3 0 1 0 1 0 1 0 0 3 0 1 0 1 0 1 0 0 12 0 1 0 1 0 1 0 0 16 0 4 0 1 0 1 0 12 0 
7 0 10 1 2 10 1 4 3 16 2 2 10 1 2 4 2 4 2 6 9 7 3 2 10 1 6 7 4 5 7 1 4 7 21 7 11 3 10 18 3 1 0 0 0 0 0 0 0 0 1 0 0 0 0 0 0 0 0 1 0 0 0 0 0 0 0 0 1 0 0 0 0 0 0 0 0 1 0 0 0 0 0 0 0 0 1 0 0 0 0 0 0 0 0 1 0 1 0 0 0 0 0 0 1 0 1 0 0 0 0 1 0 1 0 1 0 0 0 0 1 0 1 0 1 0 0 0 0 1 0 1 0 1 0 0 3 0 1 0 1 0 1 0 0 3 0 1 0 1 0 1 0 0 3 0 1 0 1 0 1 0 0 3 0 1 0 1 0 1 0 0 3 0 1 0 1 0 1 0 0 12 0 1 0 1 0 1 0 0 16 0 4 0 1 0 1 0 12 0 
7 0 10 1 2 10 1 4 3 16 2 2 10 1 2 4 2 4 2 6 9 7 3 2 10 1 6 8 4 5 7 1 4 7 21 7 11 3 10 18 3 1 0 0 0 0 0 0 0 0 1 0 0 0 0 0 0 0 0 1 0 0 0 0 0 0 0 0 1 0 0 0 0 0 0 0 0 1 0 0 0 0 0 0 0 0 1 0 0 0 0 0 0 0 0 1 0 1 0 0 0 0 0 0 1 0 1 0 0 3 0 1 0 1 0 1 0 0 3 0 1 0 1 0 1 0 0 3 0 1 0 1 0 1 0 0 3 0 1 0 1 0 1 0 0 3 0 1 0 1 0 1 0 0 3 0 1 0 1 0 1 0 0 3 0 1 0 1 0 1 0 0 3 0 1 0 1 0 1 0 0 12 0 1 0 1 0 1 0 0 16 0 4 0 1 0 1 0 12 0 
7 0 10 1 2 10 1 3 3 16 2 2 10 1 2 3 2 4 2 6 9 7 3 2 9 1 6 8 4 5 7 1 4 7 21 7 11 3 10 18 3 1 0 0 0 0 0 0 0 0 1 0 0 0 0 0 0 0 0 1 0 0 0 0 0 0 0 0 1 0 0 0 0 0 0 0 0 1 0 0 0 0 0 0 0 0 1 0 0 0 0 0 0 0 0 1 0 1 0 0 0 0 0 0 1 0 1 0 0 3 0 0 0 1 0 1 0 0 3 0 0 0 1 0 1 0 0 3 0 0 0 1 0 1 0 0 3 0 1 0 1 0 1 0 0 3 0 1 0 1 0 1 0 0 3 0 1 0 1 0 1 0 0 3 0 1 0 1 0 1 0 0 3 0 1 0 1 0 1 0 0 12 0 1 0 1 0 1 0 0 16 0 4 0 1 0 1 0 12 0 
7 0 10 1 2 10 1 4 3 16 2 2 10 1 2 4 2 4 2 6 9 7 3 2 10 1 6 8 4 5 7 1 4 7 21 7 11 3 10 18 3 1 0 0 0 0 0 0 0 0 1 0 0 0 0 0 0 0 0 1 0 0 0 0 0 0 0 0 1 0 0 0 0 0 0 0 0 1 0 0 0 0 0 0 0 0 1 0 0 0 0 0 0 0 0 1 0 1 0 0 0 0 0 0 1 0 1 0 0 3 0 1 0 1 0 1 0 0 3 0 1 0 1 0 1 0 0 3 0 1 0 1 0 1 0 0 3 0 1 0 1 0 1 0 0 3 0 1 0 1 0 1 0 0 3 0 1 0 1 0 1 0 0 3 0 1 0 1 0 1 0 0 3 0 1 0 1 0 1 0 0 12 0 1 0 1 0 1 0 0 16 0 4 0 1 0 1 0 12 0 
9 2 9 0 4 12 3 6 2 18 4 4 12 3 4 6 4 6 4 6 11 8 5 4 12 3 8 9 6 7 9 3 6 9 23 9 11 5 12 20 5 0 2 2 2 2 2 2 2 2 0 2 2 2 2 2 2 2 2 0 2 2 2 2 2 2 2 2 0 2 2 2 2 2 2 2 2 0 2 2 2 2 2 2 2 2 0 2 2 2 2 2 2 2 2 0 2 3 2 2 2 2 2 2 0 2 3 2 2 2 2 3 2 0 2 3 2 2 2 2 3 2 0 2 3 2 2 2 2 3 2 0 2 3 2 2 2 2 3 2 3 2 3 2 2 2 2 3 2 3 2 3 2 2 2 2 3 2 3 2 3 2 2 2 2 3 2 3 2 3 2 2 2 2 3 2 3 2 3 2 2 14 2 3 2 3 2 3 2 2 18 2 6 2 3 2 3 2 12 2 
7 0 10 1 2 10 1 4 3 16 2 2 10 1 2 4 2 4 2 6 9 7 3 2 10 1 6 8 4 5 7 1 4 7 21 7 11 3 10 18 3 1 0 0 0 0 0 0 0 0 1 0 0 0 0 0 0 0 0 1 0 0 0 0 0 0 0 0 1 0 0 0 0 0 0 0 0 1 0 0 0 0 0 0 0 0 1 0 0 0 0 0 0 0 0 1 0 1 0 0 0 0 0 0 1 0 1 0 0 3 0 1 0 1 0 1 0 0 3 0 1 0 1 0 1 0 0 3 0 1 0 1 0 1 0 0 3 0 1 0 1 0 1 0 0 3 0 1 0 1 0 1 0 0 3 0 1 0 1 0 1 0 0 3 0 1 0 1 0 1 0 0 3 0 1 0 1 0 1 0 0 12 0 1 0 1 0 1 0 0 16 0 4 0 1 0 1 0 12 0 
7 0 10 1 2 10 1 4 3 16 2 2 10 1 2 4 2 4 2 6 9 7 3 1 10 1 6 8 3 5 7 1 4 7 21 7 11 3 10 18 3 1 0 0 0 0 0 0 0 0 1 0 0 0 0 0 0 0 0 1 0 0 0 0 0 0 0 0 1 0 0 0 0 0 0 0 0 1 0 0 0 0 0 0 0 0 1 0 0 0 0 0 0 0 0 1 0 0 0 0 0 0 0 0 1 0 0 0 0 3 0 1 0 1 0 0 0 0 3 0 1 0 1 0 0 0 0 3 0 1 0 1 0 0 0 0 3 0 1 0 1 0 1 0 0 3 0 1 0 1 0 1 0 0 3 0 1 0 1 0 1 0 0 3 0 1 0 1 0 1 0 0 3 0 1 0 1 0 1 0 0 12 0 1 0 1 0 1 0 0 16 0 4 0 1 0 1 0 12 0 
7 0 10 1 2 10 1 4 3 16 2 2 10 1 2 4 2 4 2 6 9 7 3 2 10 1 6 8 4 5 7 1 4 7 21 7 11 3 10 18 3 1 0 0 0 0 0 0 0 0 1 0 0 0 0 0 0 0 0 1 0 0 0 0 0 0 0 0 1 0 0 0 0 0 0 0 0 1 0 0 0 0 0 0 0 0 1 0 0 0 0 0 0 0 0 1 0 1 0 0 0 0 0 0 1 0 1 0 0 3 0 1 0 1 0 1 0 0 3 0 1 0 1 0 1 0 0 3 0 1 0 1 0 1 0 0 3 0 1 0 1 0 1 0 0 3 0 1 0 1 0 1 0 0 3 0 1 0 1 0 1 0 0 3 0 1 0 1 0 1 0 0 3 0 1 0 1 0 1 0 0 12 0 1 0 1 0 1 0 0 16 0 4 0 1 0 1 0 12 0 
7 0 10 1 2 10 1 4 3 16 2 2 10 1 2 4 2 4 2 6 9 7 3 2 10 1 6 8 4 5 7 1 4 7 21 7 11 3 10 18 3 1 0 0 0 0 0 0 0 0 1 0 0 0 0 0 0 0 0 1 0 0 0 0 0 0 0 0 1 0 0 0 0 0 0 0 0 1 0 0 0 0 0 0 0 0 1 0 0 0 0 0 0 0 0 1 0 1 0 0 0 0 0 0 1 0 1 0 0 3 0 1 0 1 0 1 0 0 3 0 1 0 1 0 1 0 0 3 0 1 0 1 0 1 0 0 3 0 1 0 1 0 1 0 0 3 0 1 0 1 0 1 0 0 3 0 1 0 1 0 1 0 0 3 0 1 0 1 0 1 0 0 3 0 1 0 1 0 1 0 0 12 0 1 0 1 0 1 0 0 16 0 4 0 1 0 1 0 12 0 
7 0 10 1 2 10 1 4 3 16 2 2 10 1 2 4 2 4 2 6 9 7 3 2 10 1 6 7 4 5 7 1 4 7 21 7 11 3 10 18 3 1 0 0 0 0 0 0 0 0 1 0 0 0 0 0 0 0 0 1 0 0 0 0 0 0 0 0 1 0 0 0 0 0 0 0 0 1 0 0 0 0 0 0 0 0 1 0 0 0 0 0 0 0 0 1 0 1 0 0 0 0 0 0 1 0 1 0 0 0 0 1 0 1 0 1 0 0 0 0 1 0 1 0 1 0 0 0 0 1 0 1 0 1 0 0 0 0 1 0 1 0 1 0 0 3 0 1 0 1 0 1 0 0 3 0 1 0 1 0 1 0 0 3 0 1 0 1 0 1 0 0 3 0 1 0 1 0 1 0 0 12 0 1 0 1 0 1 0 0 16 0 4 0 1 0 1 0 12 0 
7 0 10 1 2 10 1 4 3 16 2 2 10 1 2 4 2 4 2 6 9 7 3 2 10 1 6 8 4 5 7 1 4 7 21 7 11 3 10 18 3 1 0 0 0 0 0 0 0 0 1 0 0 0 0 0 0 0 0 1 0 0 0 0 0 0 0 0 1 0 0 0 0 0 0 0 0 1 0 0 0 0 0 0 0 0 1 0 0 0 0 0 0 0 0 1 0 1 0 0 0 0 0 0 1 0 1 0 0 3 0 1 0 1 0 1 0 0 3 0 1 0 1 0 1 0 0 3 0 1 0 1 0 1 0 0 3 0 1 0 1 0 1 0 0 3 0 1 0 1 0 1 0 0 3 0 1 0 1 0 1 0 0 3 0 1 0 1 0 1 0 0 3 0 1 0 1 0 1 0 0 12 0 1 0 1 0 1 0 0 16 0 4 0 1 0 1 0 12 0 
7 0 10 1 2 10 1 3 3 16 2 2 10 1 2 3 2 4 2 6 9 7 2 2 9 1 6 8 4 5 7 1 4 7 21 6 11 3 10 18 3 1 0 0 0 0 0 0 0 0 1 0 0 0 0 0 0 0 0 1 0 0 0 0 0 0 0 0 1 0 0 0 0 0 0 0 0 1 0 0 0 0 0 0 0 0 1 0 0 0 0 0 0 0 0 1 0 1 0 0 0 0 0 0 1 0 1 0 0 3 0 0 0 1 0 1 0 0 3 0 0 0 1 0 1 0 0 3 0 0 0 1 0 1 0 0 3 0 0 0 1 0 1 0 0 3 0 1 0 1 0 1 0 0 3 0 1 0 1 0 1 0 0 3 0 1 0 1 0 1 0 0 3 0 1 0 1 0 1 0 0 12 0 1 0 1 0 1 0 0 16 0 4 0 1 0 1 0 12 0 
7 0 10 1 2 10 1 4 3 16 2 2 10 1 2 4 2 4 2 6 9 7 3 2 10 1 6 8 4 5 7 1 4 7 21 7 11 3 10 18 3 1 0 0 0 0 0 0 0 0 1 0 0 0 0 0 0 0 0 1 0 0 0 0 0 0 0 0 1 0 0 0 0 0 0 0 0 1 0 0 0 0 0 0 0 0 1 0 0 0 0 0 0 0 0 1 0 1 0 0 0 0 0 0 1 0 1 0 0 3 0 1 0 1 0 1 0 0 3 0 1 0 1 0 1 0 0 3 0 1 0 1 0 1 0 0 3 0 1 0 1 0 1 0 0 3 0 1 0 1 0 1 0 0 3 0 1 0 1 0 1 0 0 3 0 1 0 1 0 1 0 0 3 0 1 0 1 0 1 0 0 12 0 1 0 1 0 1 0 0 16 0 4 0 1 0 1 0 12 0 
9 2 9 0 4 12 3 6 2 18 4 4 12 3 4 6 4 6 4 6 11 8 5 4 12 3 5 9 6 7 9 3 6 9 23 9 11 5 12 20 5 0 2 2 2 2 2 2 2 2 0 2 2 2 2 2 2 2 2 0 2 2 2 2 2 2 2 2 0 2 2 2 2 2 2 2 2 0 2 2 2 2 2 2 2 2 0 2 2 2 2 2 2 2 2 0 2 3 2 2 2 2 2 2 0 2 3 2 2 2 2 3 2 0 2 3 2 2 2 2 3 2 0 2 3 2 2 2 2 3 2 0 2 3 2 2 2 2 3 2 0 2 3 2 2 2 2 3 2 3 2 3 2 2 2 2 3 2 3 2 3 2 2 2 2 3 2 3 2 3 2 2 2 2 3 2 3 2 3 2 2 14 2 3 2 3 2 3 2 2 18 2 6 2 3 2 3 2 12 2 
7 0 10 1 2 10 1 4 3 16 2 2 10 1 2 4 2 4 2 6 9 7 3 2 10 1 6 8 4 5 7 1 4 7 21 7 11 3 10 18 3 1 0 0 0 0 0 0 0 0 1 0 0 0 0 0 0 0 0 1 0 0 0 0 0 0 0 0 1 0 0 0 0 0 0 0 0 1 0 0 0 0 0 0 0 0 1 0 0 0 0 0 0 0 0 1 0 1 0 0 0 0 0 0 1 0 1 0 0 3 0 1 0 1 0 1 0 0 3 0 1 0 1 0 1 0 0 3 0 1 0 1 0 1 0 0 3 0 1 0 1 0 1 0 0 3 0 1 0 1 0 1 0 0 3 0 1 0 1 0 1 0 0 3 0 1 0 1 0 1 0 0 3 0 1 0 1 0 1 0 0 12 0 1 0 1 0 1 0 0 16 0 4 0 1 0 1 0 12 0 
7 0 10 1 2 10 1 4 3 16 2 2 10 1 2 4 2 4 2 6 9 7 3 1 10 1 6 8 3 5 7 1 4 7 21 7 11 3 10 18 3 1 0 0 0 0 0 0 0 0 1 0 0 0 0 0 0 0 0 1 0 0 0 0 0 0 0 0 1 0 0 0 0 0 0 0 0 1 0 0 0 0 0 0 0 0 1 0 0 0 0 0 0 0 0 1 0 0 0 0 0 0 0 0 1 0 0 0 0 3 0 1 0 1 0 0 0 0 3 0 1 0 1 0 0 0 0 3 0 1 0 1 0 0 0 0 3 0 1 0 1 0 0 0 0 3 0 1 0 1 0 1 0 0 3 0 1 0 1 0 1 0 0 3 0 1 0 1 0 1 0 0 3 0 1 0 1 0 1 0 0 12 0 1 0 1 0 1 0 0 16 0 4 0 1 0 1 0 12 0 
7 0 10 1 2 10 1 4 3 16 2 2 10 1 2 4 2 4 2 6 9 7 3 2 10 1 6 8 4 5 7 1 4 7 21 7 11 3 10 18 3 1 0 0 0 0 0 0 0 0 1 0 0 0 0 0 0 0 0 1 0 0 0 0 0 0 0 0 1 0 0 0 0 0 0 0 0 1 0 0 0 0 0 0 0 0 1 0 0 0 0 0 0 0 0 1 0 1 0 0 0 0 0 0 1 0 1 0 0 3 0 1 0 1 0 1 0 0 3 0 1 0 1 0 1 0 0 3 0 1 0 1 0 1 0 0 3 0 1 0 1 0 1 0 0 3 0 1 0 1 0 1 0 0 3 0 1 0 1 0 1 0 0 3 0 1 0 1 0 1 0 0 3 0 1 0 1 0 1 0 0 12 0 1 0 1 0 1 0 0 16 0 4 0 1 0 1 0 12 0 
7 0 10 1 2 10 1 4 3 16 2 2 10 1 2 4 2 4 2 6 9 7 3 2 10 1 6 8 4 5 7 1 4 7 21 7 11 3 10 18 3 1 0 0 0 0 0 0 0 0 1 0 0 0 0 0 0 0 0 1 0 0 0 0 0 0 0 0 1 0 0 0 0 0 0 0 0 1 0 0 0 0 0 0 0 0 1 0 0 0 0 0 0 0 0 1 0 1 0 0 0 0 0 0 1 0 1 0 0 3 0 1 0 1 0 1 0 0 3 0 1 0 1 0 1 0 0 3 0 1 0 1 0 1 0 0 3 0 1 0 1 0 1 0 0 3 0 1 0 1 0 1 0 0 3 0 1 0 1 0 1 0 0 3 0 1 0 1 0 1 0 0 3 0 1 0 1 0 1 0 0 12 0 1 0 1 0 1 0 0 16 0 4 0 1 0 1 0 12 0 
7 0 10 1 2 10 1 4 3 16 2 2 10 1 2 4 2 4 2 6 9 7 3 2 10 1 6 7 4 5 7 1 4 7 21 7 11 3 10 18 3 1 0 0 0 0 0 0 0 0 1 0 0 0 0 0 0 0 0 1 0 0 0 0 0 0 0 0 1 0 0 0 0 0 0 0 0 1 0 0 0 0 0 0 0 0 1 0 0 0 0 0 0 0 0 1 0 1 0 0 0 0 0 0 1 0 1 0 0 0 0 1 0 1 0 1 0 0 0 0 1 0 1 0 1 0 0 0 0 1 0 1 0 1 0 0 0 0 1 0 1 0 1 0 0 0 0 1 0 1 0 1 0 0 3 0 1 0 1 0 1 0 0 3 0 1 0 1 0 1 0 0 3 0 1 0 1 0 1 0 0 12 0 1 0 1 0 1 0 0 16 0 4 0 1 0 1 0 12 0 
7 0 10 1 2 10 1 4 3 16 2 2 10 1 2 4 2 4 2 6 9 7 3 2 10 1 6 8 4 5 7 1 4 7 21 7 11 3 10 18 3 1 0 0 0 0 0 0 0 0 1 0 0 0 0 0 0 0 0 1 0 0 0 0 0 0 0 0 1 0 0 0 0 0 0 0 0 1 0 0 0 0 0 0 0 0 1 0 0 0 0 0 0 0 0 1 0 1 0 0 0 0 0 0 1 0 1 0 0 3 0 1 0 1 0 1 0 0 3 0 1 0 1 0 1 0 0 3 0 1 0 1 0 1 0 0 3 0 1 0 1 0 1 0 0 3 0 1 0 1 0 1 0 0 3 0 1 0 1 0 1 0 0 3 0 1 0 1 0 1 0 0 3 0 1 0 1 0 1 0 0 12 0 1 0 1 0 1 0 0 16 0 4 0 1 0 1 0 12 0 
7 0 10 1 2 10 1 3 3 16 2 2 10 1 2 3 2 4 2 6 9 7 2 2 9 1 6 8 4 5 7 1 4 7 21 6 11 3 10 18 3 1 0 0 0 0 0 0 0 0 1 0 0 0 0 0 0 0 0 1 0 0 0 0 0 0 0 0 1 0 0 0 0 0 0 0 0 1 0 0 0 0 0 0 0 0 1 0 0 0 0 0 0 0 0 1 0 1 0 0 0 0 0 0 1 0 1 0 0 3 0 0 0 1 0 1 0 0 3 0 0 0 1 0 1 0 0 3 0 0 0 1 0 1 0 0 3 0 0 0 1 0 1 0 0 3 0 0 0 1 0 1 0 0 3 0 1 0 1 0 1 0 0 3 0 1 0 1 0 1 0 0 3 0 1 0 1 0 1 0 0 12 0 1 0 1 0 1 0 0 16 0 4 0 1 0 1 0 12 0 
7 0 10 1 2 10 1 4 3 16 2 2 10 1 2 4 2 4 2 6 9 7 3 2 10 1 6 8 4 5 7 1 4 7 21 7 11 3 10 18 3 1 0 0 0 0 0 0 0 0 1 0 0 0 0 0 0 0 0 1 0 0 0 0 0 0 0 0 1 0 0 0 0 0 0 0 0 1 0 0 0 0 0 0 0 0 1 0 0 0 0 0 0 0 0 1 0 1 0 0 0 0 0 0 1 0 1 0 0 3 0 1 0 1 0 1 0 0 3 0 1 0 1 0 1 0 0 3 0 1 0 1 0 1 0 0 3 0 1 0 1 0 1 0 0 3 0 1 0 1 0 1 0 0 3 0 1 0 1 0 1 0 0 3 0 1 0 1 0 1 0 0 3 0 1 0 1 0 1 0 0 12 0 1 0 1 0 1 0 0 16 0 4 0 1 0 1 0 12 0 
9 2 9 0 4 12 3 6 2 18 4 4 12 3 4 6 4 6 4 6 11 8 5 4 12 3 5 9 6 7 9 3 6 9 23 9 11 5 12 20 5 0 2 2 2 2 2 2 2 2 0 2 2 2 2 2 2 2 2 0 2 2 2 2 2 2 2 2 0 2 2 2 2 2 2 2 2 0 2 2 2 2 2 2 2 2 0 2 2 2 2 2 2 2 2 0 2 3 2 2 2 2 2 2 0 2 3 2 2 2 2 3 2 0 2 3 2 2 2 2 3 2 0 2 3 2 2 2 2 3 2 0 2 3 2 2 2 2 3 2 0 2 3 2 2 2 2 3 2 0 2 3 2 2 2 2 3 2 3 2 3 2 2 2 2 3 2 3 2 3 2 2 2 2 3 2 3 2 3 2 2 14 2 3 2 3 2 3 2 2 18 2 6 2 3 2 3 2 12 2 
7 0 10 1 2 10 1 4 3 16 2 2 10 1 2 4 2 4 2 6 9 7 3 2 10 1 6 8 4 5 7 1 4 7 21 7 11 3 10 18 3 1 0 0 0 0 0 0 0 0 1 0 0 0 0 0 0 0 0 1 0 0 0 0 0 0 0 0 1 0 0 0 0 0 0 0 0 1 0 0 0 0 0 0 0 0 1 0 0 0 0 0 0 0 0 1 0 1 0 0 0 0 0 0 1 0 1 0 0 3 0 1 0 1 0 1 0 0 3 0 1 0 1 0 1 0 0 3 0 1 0 1 0 1 0 0 3 0 1 0 1 0 1 0 0 3 0 1 0 1 0 1 0 0 3 0 1 0 1 0 1 0 0 3 0 1 0 1 0 1 0 0 3 0 1 0 1 0 1 0 0 12 0 1 0 1 0 1 0 0 16 0 4 0 1 0 1 0 12 0 
7 0 10 1 2 10 1 4 3 16 2 2 10 1 2 4 2 4 2 6 9 7 3 1 10 1 6 8 3 5 7 1 4 7 21 7 11 3 10 18 3 1 0 0 0 0 0 0 0 0 1 0 0 0 0 0 0 0 0 1 0 0 0 0 0 0 0 0 1 0 0 0 0 0 0 0 0 1 0 0 0 0 0 0 0 0 1 0 0 0 0 0 0 0 0 1 0 0 0 0 0 0 0 0 1 0 0 0 0 3 0 1 0 1 0 0 0 0 3 0 1 0 1 0 0 0 0 3 0 1 0 1 0 0 0 0 3 0 1 0 1 0 0 0 0 3 0 1 0 1 0 0 0 0 3 0 1 0 1 0 1 0 0 3 0 1 0 1 0 1 0 0 3 0 1 0 1 0 1 0 0 12 0 1 0 1 0 1 0 0 16 0 4 0 1 0 1 0 12 0 
7 0 10 1 2 10 1 4 3 16 2 2 10 1 2 4 2 4 2 6 9 7 3 2 10 1 6 8 4 5 7 1 4 7 21 7 11 3 10 18 3 1 0 0 0 0 0 0 0 0 1 0 0 0 0 0 0 0 0 1 0 0 0 0 0 0 0 0 1 0 0 0 0 0 0 0 0 1 0 0 0 0 0 0 0 0 1 0 0 0 0 0 0 0 0 1 0 1 0 0 0 0 0 0 1 0 1 0 0 3 0 1 0 1 0 1 0 0 3 0 1 0 1 0 1 0 0 3 0 1 0 1 0 1 0 0 3 0 1 0 1 0 1 0 0 3 0 1 0 1 0 1 0 0 3 0 1 0 1 0 1 0 0 3 0 1 0 1 0 1 0 0 3 0 1 0 1 0 1 0 0 12 0 1 0 1 0 1 0 0 16 0 4 0 1 0 1 0 12 0 
7 0 10 1 2 10 1 4 3 16 2 2 10 1 2 4 2 4 2 6 9 7 3 2 10 1 6 8 4 5 7 1 4 7 21 7 11 3 10 18 3 1 0 0 0 0 0 0 0 0 1 0 0 0 0 0 0 0 0 1 0 0 0 0 0 0 0 0 1 0 0 0 0 0 0 0 0 1 0 0 0 0 0 0 0 0 1 0 0 0 0 0 0 0 0 1 0 1 0 0 0 0 0 0 1 0 1 0 0 3 0 1 0 1 0 1 0 0 3 0 1 0 1 0 1 0 0 3 0 1 0 1 0 1 0 0 3 0 1 0 1 0 1 0 0 3 0 1 0 1 0 1 0 0 3 0 1 0 1 0 1 0 0 3 0 1 0 1 0 1 0 0 3 0 1 0 1 0 1 0 0 12 0 1 0 1 0 1 0 0 16 0 4 0 1 0 1 0 12 0 
7 0 10 1 2 10 1 4 3 16 2 2 10 1 2 4 2 4 2 6 9 7 3 2 10 1 6 7 4 5 7 1 4 7 21 7 11 3 10 18 3 1 0 0 0 0 0 0 0 0 1 0 0 0 0 0 0 0 0 1 0 0 0 0 0 0 0 0 1 0 0 0 0 0 0 0 0 1 0 0 0 0 0 0 0 0 1 0 0 0 0 0 0 0 0 1 0 1 0 0 0 0 0 0 1 0 1 0 0 0 0 1 0 1 0 1 0 0 0 0 1 0 1 0 1 0 0 0 0 1 0 1 0 1 0 0 0 0 1 0 1 0 1 0 0 0 0 1 0 1 0 1 0 0 0 0 1 0 1 0 1 0 0 3 0 1 0 1 0 1 0 0 3 0 1 0 1 0 1 0 0 12 0 1 0 1 0 1 0 0 16 0 4 0 1 0 1 0 12 0 
7 0 10 1 2 10 1 4 3 16 2 2 10 1 2 4 2 4 2 6 9 7 3 2 10 1 6 8 4 5 7 1 4 7 21 7 11 3 10 18 3 1 0 0 0 0 0 0 0 0 1 0 0 0 0 0 0 0 0 1 0 0 0 0 0 0 0 0 1 0 0 0 0 0 0 0 0 1 0 0 0 0 0 0 0 0 1 0 0 0 0 0 0 0 0 1 0 1 0 0 0 0 0 0 1 0 1 0 0 3 0 1 0 1 0 1 0 0 3 0 1 0 1 0 1 0 0 3 0 1 0 1 0 1 0 0 3 0 1 0 1 0 1 0 0 3 0 1 0 1 0 1 0 0 3 0 1 0 1 0 1 0 0 3 0 1 0 1 0 1 0 0 3 0 1 0 1 0 1 0 0 12 0 1 0 1 0 1 0 0 16 0 4 0 1 0 1 0 12 0 
7 0 10 1 2 10 1 3 3 16 1 2 10 1 2 3 2 4 2 6 9 7 2 2 9 1 6 8 4 5 7 1 4 7 21 6 11 3 10 18 3 1 0 0 0 0 0 0 0 0 1 0 0 0 0 0 0 0 0 1 0 0 0 0 0 0 0 0 1 0 0 0 0 0 0 0 0 1 0 0 0 0 0 0 0 0 1 0 0 0 0 0 0 0 0 1 0 1 0 0 0 0 0 0 1 0 1 0 0 3 0 0 0 1 0 1 0 0 3 0 0 0 1 0 1 0 0 3 0 0 0 1 0 1 0 0 3 0 0 0 1 0 1 0 0 3 0 0 0 1 0 1 0 0 3 0 0 0 1 0 1 0 0 3 0 1 0 1 0 1 0 0 3 0 1 0 1 0 1 0 0 12 0 1 0 1 0 1 0 0 16 0 4 0 1 0 1 0 12 0 
7 0 10 1 2 10 1 4 3 16 2 2 10 1 2 4 2 4 2 6 9 7 3 2 10 1 6 8 4 5 7 1 4 7 21 7 11 3 10 18 3 1 0 0 0 0 0 0 0 0 1 0 0 0 0 0 0 0 0 1 0 0 0 0 0 0 0 0 1 0 0 0 0 0 0 0 0 1 0 0 0 0 0 0 0 0 1 0 0 0 0 0 0 0 0 1 0 1 0 0 0 0 0 0 1 0 1 0 0 3 0 1 0 1 0 1 0 0 3 0 1 0 1 0 1 0 0 3 0 1 0 1 0 1 0 0 3 0 1 0 1 0 1 0 0 3 0 1 0 1 0 1 0 0 3 0 1 0 1 0 1 0 0 3 0 1 0 1 0 1 0 0 3 0 1 0 1 0 1 0 0 12 0 1 0 1 0 1 0 0 16 0 4 0 1 0 1 0 12 0 
9 2 9 0 4 12 3 6 2 18 4 4 12 3 4 6 4 6 4 6 11 8 5 4 12 3 5 9 6 7 9 3 6 9 23 9 11 5 12 20 5 0 2 2 2 2 2 2 2 2 0 2 2 2 2 2 2 2 2 0 2 2 2 2 2 2 2 2 0 2 2 2 2 2 2 2 2 0 2 2 2 2 2 2 2 2 0 2 2 2 2 2 2 2 2 0 2 3 2 2 2 2 2 2 0 2 3 2 2 2 2 3 2 0 2 3 2 2 2 2 3 2 0 2 3 2 2 2 2 3 2 0 2 3 2 2 2 2 3 2 0 2 3 2 2 2 2 3 2 0 2 3 2 2 2 2 3 2 0 2 3 2 2 2 2 3 2 3 2 3 2 2 2 2 3 2 3 2 3 2 2 14 2 3 2 3 2 3 2 2 15 2 6 2 3 2 3 2 12 2 
7 0 10 1 2 10 1 4 3 16 2 2 10 1 2 4 2 4 2 6 9 7 3 2 10 1 6 8 4 5 7 1 4 7 21 7 11 3 10 18 3 1 0 0 0 0 0 0 0 0 1 0 0 0 0 0 0 0 0 1 0 0 0 0 0 0 0 0 1 0 0 0 0 0 0 0 0 1 0 0 0 0 0 0 0 0 1 0 0 0 0 0 0 0 0 1 0 1 0 0 0 0 0 0 1 0 1 0 0 3 0 1 0 1 0 1 0 0 3 0 1 0 1 0 1 0 0 3 0 1 0 1 0 1 0 0 3 0 1 0 1 0 1 0 0 3 0 1 0 1 0 1 0 0 3 0 1 0 1 0 1 0 0 3 0 1 0 1 0 1 0 0 3 0 1 0 1 0 1 0 0 12 0 1 0 1 0 1 0 0 16 0 4 0 1 0 1 0 12 0 
7 0 10 1 2 10 1 4 3 16 2 2 10 1 2 4 2 4 2 6 9 7 3 1 10 1 6 8 3 5 7 1 4 7 21 7 11 3 10 18 3 1 0 0 0 0 0 0 0 0 1 0 0 0 0 0 0 0 0 1 0 0 0 0 0 0 0 0 1 0 0 0 0 0 0 0 0 1 0 0 0 0 0 0 0 0 1 0 0 0 0 0 0 0 0 1 0 0 0 0 0 0 0 0 1 0 0 0 0 3 0 1 0 1 0 0 0 0 3 0 1 0 1 0 0 0 0 3 0 1 0 1 0 0 0 0 3 0 1 0 1 0 0 0 0 3 0 1 0 1 0 0 0 0 3 0 1 0 1 0 0 0 0 3 0 1 0 1 0 1 0 0 3 0 1 0 1 0 1 0 0 12 0 1 0 1 0 1 0 0 16 0 4 0 1 0 1 0 12 0 
7 0 10 1 2 10 1 4 3 16 2 2 10 1 2 4 2 4 2 6 9 7 3 2 10 1 6 8 4 5 7 1 4 7 21 7 11 3 10 18 3 1 0 0 0 0 0 0 0 0 1 0 0 0 0 0 0 0 0 1 0 0 0 0 0 0 0 0 1 0 0 0 0 0 0 0 0 1 0 0 0 0 0 0 0 0 1 0 0 0 0 0 0 0 0 1 0 1 0 0 0 0 0 0 1 0 1 0 0 3 0 1 0 1 0 1 0 0 3 0 1 0 1 0 1 0 0 3 0 1 0 1 0 1 0 0 3 0 1 0 1 0 1 0 0 3 0 1 0 1 0 1 0 0 3 0 1 0 1 0 1 0 0 3 0 1 0 1 0 1 0 0 3 0 1 0 1 0 1 0 0 12 0 1 0 1 0 1 0 0 16 0 4 0 1 0 1 0 12 0 
7 0 10 1 2 10 1 4 3 16 2 2 10 1 2 4 2 4 2 6 9 7 3 2 10 1 6 8 4 5 7 1 4 7 21 7 11 3 10 18 3 1 0 0 0 0 0 0 0 0 1 0 0 0 0 0 0 0 0 1 0 0 0 0 0 0 0 0 1 0 0 0 0 0 0 0 0 1 0 0 0 0 0 0 0 0 1 0 0 0 0 0 0 0 0 1 0 1 0 0 0 0 0 0 1 0 1 0 0 3 0 1 0 1 0 1 0 0 3 0 1 0 1 0 1 0 0 3 0 1 0 1 0 1 0 0 3 0 1 0 1 0 1 0 0 3 0 1 0 1 0 1 0 0 3 0 1 0 1 0 1 0 0 3 0 1 0 1 0 1 0 0 3 0 1 0 1 0 1 0 0 12 0 1 0 1 0 1 0 0 16 0 4 0 1 0 1 0 12 0 
7 0 7 1 2 10 1 4 3 16 2 2 10 1 2 4 2 4 2 6 9 7 3 2 10 1 6 7 4 5 7 1 4 7 21 7 11 3 10 18 3 1 0 0 0 0 0 0 0 0 1 0 0 0 0 0 0 0 0 1 0 0 0 0 0 0 0 0 1 0 0 0 0 0 0 0 0 1 0 0 0 0 0 0 0 0 1 0 0 0 0 0 0 0 0 1 0 1 0 0 0 0 0 0 1 0 1 0 0 0 0 1 0 1 0 1 0 0 0 0 1 0 1 0 1 0 0 0 0 1 0 1 0 1 0 0 0 0 1 0 1 0 1 0 0 0 0 1 0 1 0 1 0 0 0 0 1 0 1 0 1 0 0 0 0 1 0 1 0 1 0 0 3 0 1 0 1 0 1 0 0 12 0 1 0 1 0 1 0 0 16 0 4 0 1 0 1 0 12 0 
7 0 10 1 2 10 1 4 3 16 2 2 10 1 2 4 2 4 2 6 9 7 3 2 10 1 6 8 4 5 7 1 4 7 21 7 11 3 10 18 3 1 0 0 0 0 0 0 0 0 1 0 0 0 0 0 0 0 0 1 0 0 0 0 0 0 0 0 1 0 0 0 0 0 0 0 0 1 0 0 0 0 0 0 0 0 1 0 0 0 0 0 0 0 0 1 0 1 0 0 0 0 0 0 1 0 1 0 0 3 0 1 0 1 0 1 0 0 3 0 1 0 1 0 1 0 0 3 0 1 0 1 0 1 0 0 3 0 1 0 1 0 1 0 0 3 0 1 0 1 0 1 0 0 3 0 1 0 1 0 1 0 0 3 0 1 0 1 0 1 0 0 3 0 1 0 1 0 1 0 0 12 0 1 0 1 0 1 0 0 16 0 4 0 1 0 1 0 12 0 
7 0 10 1 2 10 1 3 3 16 1 2 10 1 2 3 2 4 2 6 9 7 2 2 9 1 6 8 4 5 7 1 4 7 21 6 11 3 10 18 3 1 0 0 0 0 0 0 0 0 1 0 0 0 0 0 0 0 0 1 0 0 0 0 0 0 0 0 1 0 0 0 0 0 0 0 0 1 0 0 0 0 0 0 0 0 1 0 0 0 0 0 0 0 0 1 0 1 0 0 0 0 0 0 1 0 1 0 0 3 0 0 0 1 0 1 0 0 3 0 0 0 1 0 1 0 0 3 0 0 0 1 0 1 0 0 3 0 0 0 1 0 1 0 0 3 0 0 0 1 0 1 0 0 3 0 0 0 1 0 1 0 0 3 0 0 0 1 0 1 0 0 3 0 1 0 1 0 1 0 0 12 0 1 0 1 0 1 0 0 16 0 4 0 1 0 1 0 11 0 
7 0 10 1 2 10 1 4 3 16 2 2 10 1 2 4 2 4 2 6 9 7 3 2 10 1 6 8 4 5 7 1 4 7 21 7 11 3 10 18 3 1 0 0 0 0 0 0 0 0 1 0 0 0 0 0 0 0 0 1 0 0 0 0 0 0 0 0 1 0 0 0 0 0 0 0 0 1 0 0 0 0 0 0 0 0 1 0 0 0 0 0 0 0 0 1 0 1 0 0 0 0 0 0 1 0 1 0 0 3 0 1 0 1 0 1 0 0 3 0 1 0 1 0 1 0 0 3 0 1 0 1 0 1 0 0 3 0 1 0 1 0 1 0 0 3 0 1 0 1 0 1 0 0 3 0 1 0 1 0 1 0 0 3 0 1 0 1 0 1 0 0 3 0 1 0 1 0 1 0 0 12 0 1 0 1 0 1 0 0 16 0 4 0 1 0 1 0 12 0 
9 2 9 0 4 12 3 6 2 18 4 4 12 3 4 6 4 6 4 6 11 8 5 4 12 3 5 9 6 7 9 3 6 9 23 9 11 5 12 20 5 0 2 2 2 2 2 2 2 2 0 2 2 2 2 2 2 2 2 0 2 2 2 2 2 2 2 2 0 2 2 2 2 2 2 2 2 0 2 2 2 2 2 2 2 2 0 2 2 2 2 2 2 2 2 0 2 3 2 2 2 2 2 2 0 2 3 2 2 2 2 3 2 0 2 3 2 2 2 2 3 2 0 2 3 2 2 2 2 3 2 0 2 3 2 2 2 2 3 2 0 2 3 2 2 2 2 3 2 0 2 3 2 2 2 2 3 2 0 2 3 2 2 2 2 3 2 0 2 3 2 2 2 2 3 2 3 2 3 2 2 14 2 3 2 3 2 3 2 2 15 2 6 2 3 2 3 2 12 2 
7 0 10 1 2 10 1 4 3 16 2 2 10 1 2 4 2 4 2 6 9 7 3 2 10 1 6 8 4 5 7 1 4 7 21 7 11 3 10 18 3 1 0 0 0 0 0 0 0 0 1 0 0 0 0 0 0 0 0 1 0 0 0 0 0 0 0 0 1 0 0 0 0 0 0 0 0 1 0 0 0 0 0 0 0 0 1 0 0 0 0 0 0 0 0 1 0 1 0 0 0 0 0 0 1 0 1 0 0 3 0 1 0 1 0 1 0 0 3 0 1 0 1 0 1 0 0 3 0 1 0 1 0 1 0 0 3 0 1 0 1 0 1 0 0 3 0 1 0 1 0 1 0 0 3 0 1 0 1 0 1 0 0 3 0 1 0 1 0 1 0 0 3 0 1 0 1 0 1 0 0 12 0 1 0 1 0 1 0 0 16 0 4 0 1 0 1 0 12 0 
7 0 10 1 2 10 1 4 3 16 2 2 10 1 2 4 2 4 2 6 9 7 3 1 10 1 6 8 3 5 7 1 4 7 21 7 11 3 10 18 3 1 0 0 0 0 0 0 0 0 1 0 0 0 0 0 0 0 0 1 0 0 0 0 0 0 0 0 1 0 0 0 0 0 0 0 0 1 0 0 0 0 0 0 0 0 1 0 0 0 0 0 0 0 0 1 0 0 0 0 0 0 0 0 1 0 0 0 0 3 0 1 0 1 0 0 0 0 3 0 1 0 1 0 0 0 0 3 0 1 0 1 0 0 0 0 3 0 1 0 1 0 0 0 0 3 0 1 0 1 0 0 0 0 3 0 1 0 1 0 0 0 0 3 0 1 0 1 0 0 0 0 3 0 1 0 1 0 1 0 0 12 0 1 0 1 0 1 0 0 16 0 4 0 1 0 1 0 12 0 
7 0 10 1 2 10 1 4 3 16 2 2 10 1 2 4 2 4 2 6 9 7 3 2 10 1 6 8 4 5 7 1 4 7 21 7 11 3 10 18 3 1 0 0 0 0 0 0 0 0 1 0 0 0 0 0 0 0 0 1 0 0 0 0 0 0 0 0 1 0 0 0 0 0 0 0 0 1 0 0 0 0 0 0 0 0 1 0 0 0 0 0 0 0 0 1 0 1 0 0 0 0 0 0 1 0 1 0 0 3 0 1 0 1 0 1 0 0 3 0 1 0 1 0 1 0 0 3 0 1 0 1 0 1 0 0 3 0 1 0 1 0 1 0 0 3 0 1 0 1 0 1 0 0 3 0 1 0 1 0 1 0 0 3 0 1 0 1 0 1 0 0 3 0 1 0 1 0 1 0 0 12 0 1 0 1 0 1 0 0 16 0 4 0 1 0 1 0 12 0 
7 0 10 1 2 10 1 4 3 16 2 2 10 1 2 4 2 4 2 6 9 7 3 2 10 1 6 8 4 5 7 1 4 7 21 7 11 3 10 18 3 1 0 0 0 0 0 0 0 0 1 0 0 0 0 0 0 0 0 1 0 0 0 0 0 0 0 0 1 0 0 0 0 0 0 0 0 1 0 0 0 0 0 0 0 0 1 0 0 0 0 0 0 0 0 1 0 1 0 0 0 0 0 0 1 0 1 0 0 3 0 1 0 1 0 1 0 0 3 0 1 0 1 0 1 0 0 3 0 1 0 1 0 1 0 0 3 0 1 0 1 0 1 0 0 3 0 1 0 1 0 1 0 0 3 0 1 0 1 0 1 0 0 3 0 1 0 1 0 1 0 0 3 0 1 0 1 0 1 0 0 12 0 1 0 1 0 1 0 0 16 0 4 0 1 0 1 0 12 0 
7 0 7 1 2 10 1 4 3 16 2 2 10 1 2 4 2 4 2 6 9 6 3 2 10 1 6 7 4 5 7 1 4 7 21 7 11 3 10 18 3 1 0 0 0 0 0 0 0 0 1 0 0 0 0 0 0 0 0 1 0 0 0 0 0 0 0 0 1 0 0 0 0 0 0 0 0 1 0 0 0 0 0 0 0 0 1 0 0 0 0 0 0 0 0 1 0 1 0 0 0 0 0 0 1 0 1 0 0 0 0 1 0 1 0 1 0 0 0 0 1 0 1 0 1 0 0 0 0 1 0 1 0 1 0 0 0 0 1 0 1 0 1 0 0 0 0 1 0 1 0 1 0 0 0 0 1 0 1 0 1 0 0 0 0 1 0 1 0 1 0 0 0 0 1 0 1 0 1 0 0 12 0 1 0 1 0 1 0 0 16 0 4 0 1 0 1 0 12 0 
7 0 10 1 2 10 1 4 3 16 2 2 10 1 2 4 2 4 2 6 9 7 3 2 10 1 6 8 4 5 7 1 4 7 21 7 11 3 10 18 3 1 0 0 0 0 0 0 0 0 1 0 0 0 0 0 0 0 0 1 0 0 0 0 0 0 0 0 1 0 0 0 0 0 0 0 0 1 0 0 0 0 0 0 0 0 1 0 0 0 0 0 0 0 0 1 0 1 0 0 0 0 0 0 1 0 1 0 0 3 0 1 0 1 0 1 0 0 3 0 1 0 1 0 1 0 0 3 0 1 0 1 0 1 0 0 3 0 1 0 1 0 1 0 0 3 0 1 0 1 0 1 0 0 3 0 1 0 1 0 1 0 0 3 0 1 0 1 0 1 0 0 3 0 1 0 1 0 1 0 0 12 0 1 0 1 0 1 0 0 16 0 4 0 1 0 1 0 12 0 
7 0 10 1 2 10 1 3 3 16 1 2 10 1 1 3 2 4 2 6 9 7 2 2 9 1 6 8 4 5 7 1 4 7 21 6 11 3 10 18 3 1 0 0 0 0 0 0 0 0 1 0 0 0 0 0 0 0 0 1 0 0 0 0 0 0 0 0 1 0 0 0 0 0 0 0 0 1 0 0 0 0 0 0 0 0 1 0 0 0 0 0 0 0 0 1 0 1 0 0 0 0 0 0 1 0 1 0 0 3 0 0 0 1 0 1 0 0 3 0 0 0 1 0 1 0 0 3 0 0 0 1 0 1 0 0 3 0 0 0 1 0 1 0 0 3 0 0 0 1 0 1 0 0 3 0 0 0 1 0 1 0 0 3 0 0 0 1 0 1 0 0 3 0 0 0 1 0 1 0 0 12 0 1 0 1 0 1 0 0 16 0 4 0 1 0 1 0 11 0 
7 0 10 1 2 10 1 4 3 16 2 2 10 1 2 4 2 4 2 6 9 7 3 2 10 1 6 8 4 5 7 1 4 7 21 7 11 3 10 18 3 1 0 0 0 0 0 0 0 0 1 0 0 0 0 0 0 0 0 1 0 0 0 0 0 0 0 0 1 0 0 0 0 0 0 0 0 1 0 0 0 0 0 0 0 0 1 0 0 0 0 0 0 0 0 1 0 1 0 0 0 0 0 0 1 0 1 0 0 3 0 1 0 1 0 1 0 0 3 0 1 0 1 0 1 0 0 3 0 1 0 1 0 1 0 0 3 0 1 0 1 0 1 0 0 3 0 1 0 1 0 1 0 0 3 0 1 0 1 0 1 0 0 3 0 1 0 1 0 1 0 0 3 0 1 0 1 0 1 0 0 12 0 1 0 1 0 1 0 0 16 0 4 0 1 0 1 0 12 0 
9 2 9 0 4 12 3 6 2 18 4 4 12 3 4 6 4 6 4 6 11 8 5 4 12 3 5 9 6 7 9 3 6 9 23 9 11 5 12 20 5 0 2 2 2 2 2 2 2 2 0 2 2 2 2 2 2 2 2 0 2 2 2 2 2 2 2 2 0 2 2 2 2 2 2 2 2 0 2 2 2 2 2 2 2 2 0 2 2 2 2 2 2 2 2 0 2 3 2 2 2 2 2 2 0 2 3 2 2 2 2 3 2 0 2 3 2 2 2 2 3 2 0 2 3 2 2 2 2 3 2 0 2 3 2 2 2 2 3 2 0 2 3 2 2 2 2 3 2 0 2 3 2 2 2 2 3 2 0 2 3 2 2 2 2 3 2 0 2 3 2 2 2 2 3 2 0 2 3 2 2 14 2 3 2 3 2 3 2 2 15 2 6 2 3 2 3 2 12 2 
7 0 10 1 2 10 1 4 3 16 2 2 10 1 2 4 2 4 2 6 9 7 3 2 10 1 6 8 4 5 7 1 4 7 21 7 11 3 10 18 3 1 0 0 0 0 0 0 0 0 1 0 0 0 0 0 0 0 0 1 0 0 0 0 0 0 0 0 1 0 0 0 0 0 0 0 0 1 0 0 0 0 0 0 0 0 1 0 0 0 0 0 0 0 0 1 0 1 0 0 0 0 0 0 1 0 1 0 0 3 0 1 0 1 0 1 0 0 3 0 1 0 1 0 1 0 0 3 0 1 0 1 0 1 0 0 3 0 1 0 1 0 1 0 0 3 0 1 0 1 0 1 0 0 3 0 1 0 1 0 1 0 0 3 0 1 0 1 0 1 0 0 3 0 1 0 1 0 1 0 0 12 0 1 0 1 0 1 0 0 16 0 4 0 1 0 1 0 12 0 
7 0 10 1 2 10 1 4 3 16 2 2 10 1 2 4 2 4 2 6 9 7 3 1 10 1 6 8 3 5 7 1 4 7 21 7 11 3 10 18 3 1 0 0 0 0 0 0 0 0 1 0 0 0 0 0 0 0 0 1 0 0 0 0 0 0 0 0 1 0 0 0 0 0 0 0 0 1 0 0 0 0 0 0 0 0 1 0 0 0 0 0 0 0 0 1 0 0 0 0 0 0 0 0 1 0 0 0 0 3 0 1 0 1 0 0 0 0 3 0 1 0 1 0 0 0 0 3 0 1 0 1 0 0 0 0 3 0 1 0 1 0 0 0 0 3 0 1 0 1 0 0 0 0 3 0 1 0 1 0 0 0 0 3 0 1 0 1 0 0 0 0 3 0 1 0 1 0 0 0 0 12 0 1 0 1 0 1 0 0 16 0 4 0 1 0 1 0 12 0 
7 0 10 1 2 10 1 4 3 16 2 2 10 1 2 4 2 4 2 6 9 7 3 2 10 1 6 8 4 5 7 1 4 7 21 7 11 3 10 18 3 1 0 0 0 0 0 0 0 0 1 0 0 0 0 0 0 0 0 1 0 0 0 0 0 0 0 0 1 0 0 0 0 0 0 0 0 1 0 0 0 0 0 0 0 0 1 0 0 0 0 0 0 0 0 1 0 1 0 0 0 0 0 0 1 0 1 0 0 3 0 1 0 1 0 1 0 0 3 0 1 0 1 0 1 0 0 3 0 1 0 1 0 1 0 0 3 0 1 0 1 0 1 0 0 3 0 1 0 1 0 1 0 0 3 0 1 0 1 0 1 0 0 3 0 1 0 1 0 1 0 0 3 0 1 0 1 0 1 0 0 12 0 1 0 1 0 1 0 0 16 0 4 0 1 0 1 0 12 0 
7 0 10 1 2 10 1 4 3 16 2 2 10 1 2 4 2 4 2 6 9 7 3 2 10 1 6 8 4 5 7 1 4 7 21 7 11 3 10 18 3 1 0 0 0 0 0 0 0 0 1 0 0 0 0 0 0 0 0 1 0 0 0 0 0 0 0 0 1 0 0 0 0 0 0 0 0 1 0 0 0 0 0 0 0 0 1 0 0 0 0 0 0 0 0 1 0 1 0 0 0 0 0 0 1 0 1 0 0 3 0 1 0 1 0 1 0 0 3 0 1 0 1 0 1 0 0 3 0 1 0 1 0 1 0 0 3 0 1 0 1 0 1 0 0 3 0 1 0 1 0 1 0 0 3 0 1 0 1 0 1 0 0 3 0 1 0 1 0 1 0 0 3 0 1 0 1 0 1 0 0 12 0 1 0 1 0 1 0 0 16 0 4 0 1 0 1 0 12 0 
7 0 7 1 2 10 1 4 3 16 2 2 10 1 2 4 2 4 2 6 9 6 3 2 9 1 6 7 4 5 7 1 4 7 21 7 11 3 10 18 3 1 0 0 0 0 0 0 0 0 1 0 0 0 0 0 0 0 0 1 0 0 0 0 0 0 0 0 1 0 0 0 0 0 0 0 0 1 0 0 0 0 0 0 0 0 1 0 0 0 0 0 0 0 0 1 0 1 0 0 0 0 0 0 1 0 1 0 0 0 0 1 0 1 0 1 0 0 0 0 1 0 1 0 1 0 0 0 0 1 0 1 0 1 0 0 0 0 1 0 1 0 1 0 0 0 0 1 0 1 0 1 0 0 0 0 1 0 1 0 1 0 0 0 0 1 0 1 0 1 0 0 0 0 1 0 1 0 1 0 0 0 0 1 0 1 0 1 0 0 16 0 4 0 1 0 1 0 12 0 
7 0 10 1 2 10 1 4 3 16 2 2 10 1 2 4 2 4 2 6 9 7 3 2 10 1 6 8 4 5 7 1 4 7 21 7 11 3 10 18 3 1 0 0 0 0 0 0 0 0 1 0 0 0 0 0 0 0 0 1 0 0 0 0 0 0 0 0 1 0 0 0 0 0 0 0 0 1 0 0 0 0 0 0 0 0 1 0 0 0 0 0 0 0 0 1 0 1 0 0 0 0 0 0 1 0 1 0 0 3 0 1 0 1 0 1 0 0 3 0 1 0 1 0 1 0 0 3 0 1 0 1 0 1 0 0 3 0 1 0 1 0 1 0 0 3 0 1 0 1 0 1 0 0 3 0 1 0 1 0 1 0 0 3 0 1 0 1 0 1 0 0 3 0 1 0 1 0 1 0 0 12 0 1 0 1 0 1 0 0 16 0 4 0 1 0 1 0 12 0 
7 0 10 1 1 10 1 3 3 16 1 2 10 1 1 3 2 4 2 6 9 7 2 2 9 1 6 8 4 5 7 1 4 7 21 6 11 3 10 18 3 1 0 0 0 0 0 0 0 0 1 0 0 0 0 0 0 0 0 1 0 0 0 0 0 0 0 0 1 0 0 0 0 0 0 0 0 1 0 0 0 0 0 0 0 0 1 0 0 0 0 0 0 0 0 1 0 1 0 0 0 0 0 0 1 0 1 0 0 3 0 0 0 1 0 1 0 0 3 0 0 0 1 0 1 0 0 3 0 0 0 1 0 1 0 0 3 0 0 0 1 0 1 0 0 3 0 0 0 1 0 1 0 0 3 0 0 0 1 0 1 0 0 3 0 0 0 1 0 1 0 0 3 0 0 0 1 0 1 0 0 12 0 0 0 1 0 1 0 0 16 0 4 0 1 0 1 0 11 0 
7 0 10 1 2 10 1 4 3 16 2 2 10 1 2 4 2 4 2 6 9 7 3 2 10 1 6 8 4 5 7 1 4 7 21 7 11 3 10 18 3 1 0 0 0 0 0 0 0 0 1 0 0 0 0 0 0 0 0 1 0 0 0 0 0 0 0 0 1 0 0 0 0 0 0 0 0 1 0 0 0 0 0 0 0 0 1 0 0 0 0 0 0 0 0 1 0 1 0 0 0 0 0 0 1 0 1 0 0 3 0 1 0 1 0 1 0 0 3 0 1 0 1 0 1 0 0 3 0 1 0 1 0 1 0 0 3 0 1 0 1 0 1 0 0 3 0 1 0 1 0 1 0 0 3 0 1 0 1 0 1 0 0 3 0 1 0 1 0 1 0 0 3 0 1 0 1 0 1 0 0 12 0 1 0 1 0 1 0 0 16 0 4 0 1 0 1 0 12 0 
9 2 9 0 4 12 3 6 2 18 4 4 12 3 4 6 4 6 4 6 11 8 5 4 12 3 5 9 6 7 9 3 6 9 23 9 11 5 12 20 5 0 2 2 2 2 2 2 2 2 0 2 2 2 2 2 2 2 2 0 2 2 2 2 2 2 2 2 0 2 2 2 2 2 2 2 2 0 2 2 2 2 2 2 2 2 0 2 2 2 2 2 2 2 2 0 2 3 2 2 2 2 2 2 0 2 3 2 2 2 2 3 2 0 2 3 2 2 2 2 3 2 0 2 3 2 2 2 2 3 2 0 2 3 2 2 2 2 3 2 0 2 3 2 2 2 2 3 2 0 2 3 2 2 2 2 3 2 0 2 3 2 2 2 2 3 2 0 2 3 2 2 2 2 3 2 0 2 3 2 2 14 2 3 2 0 2 3 2 2 15 2 6 2 3 2 3 2 12 2 
7 0 10 1 2 10 1 4 3 16 2 2 10 1 2 4 2 4 2 6 9 7 3 2 10 1 6 8 4 5 7 1 4 7 21 7 11 3 10 18 3 1 0 0 0 0 0 0 0 0 1 0 0 0 0 0 0 0 0 1 0 0 0 0 0 0 0 0 1 0 0 0 0 0 0 0 0 1 0 0 0 0 0 0 0 0 1 0 0 0 0 0 0 0 0 1 0 1 0 0 0 0 0 0 1 0 1 0 0 3 0 1 0 1 0 1 0 0 3 0 1 0 1 0 1 0 0 3 0 1 0 1 0 1 0 0 3 0 1 0 1 0 1 0 0 3 0 1 0 1 0 1 0 0 3 0 1 0 1 0 1 0 0 3 0 1 0 1 0 1 0 0 3 0 1 0 1 0 1 0 0 12 0 1 0 1 0 1 0 0 16 0 4 0 1 0 1 0 12 0 
7 0 10 1 2 10 1 4 3 16 2 2 10 1 2 4 2 4 2 6 9 7 3 1 10 1 6 8 3 5 7 1 4 7 21 7 11 3 10 18 3 1 0 0 0 0 0 0 0 0 1 0 0 0 0 0 0 0 0 1 0 0 0 0 0 0 0 0 1 0 0 0 0 0 0 0 0 1 0 0 0 0 0 0 0 0 1 0 0 0 0 0 0 0 0 1 0 0 0 0 0 0 0 0 1 0 0 0 0 3 0 1 0 1 0 0 0 0 3 0 1 0 1 0 0 0 0 3 0 1 0 1 0 0 0 0 3 0 1 0 1 0 0 0 0 3 0 1 0 1 0 0 0 0 3 0 1 0 1 0 0 0 0 3 0 1 0 1 0 0 0 0 3 0 1 0 1 0 0 0 0 12 0 1 0 1 0 0 0 0 16 0 4 0 1 0 1 0 12 0 
7 0 10 1 2 10 1 4 3 16 2 2 10 1 2 4 2 4 2 6 9 7 3 2 10 1 6 8 4 5 7 1 4 7 21 7 11 3 10 18 3 1 0 0 0 0 0 0 0 0 1 0 0 0 0 0 0 0 0 1 0 0 0 0 0 0 0 0 1 0 0 0 0 0 0 0 0 1 0 0 0 0 0 0 0 0 1 0 0 0 0 0 0 0 0 1 0 1 0 0 0 0 0 0 1 0 1 0 0 3 0 1 0 1 0 1 0 0 3 0 1 0 1 0 1 0 0 3 0 1 0 1 0 1 0 0 3 0 1 0 1 0 1 0 0 3 0 1 0 1 0 1 0 0 3 0 1 0 1 0 1 0 0 3 0 1 0 1 0 1 0 0 3 0 1 0 1 0 1 0 0 12 0 1 0 1 0 1 0 0 16 0 4 0 1 0 1 0 12 0 
7 0 10 1 2 10 1 4 3 16 2 2 10 1 2 4 2 4 2 6 9 7 3 2 10 1 6 8 4 5 7 1 4 7 21 7 11 3 10 18 3 1 0 0 0 0 0 0 0 0 1 0 0 0 0 0 0 0 0 1 0 0 0 0 0 0 0 0 1 0 0 0 0 0 0 0 0 1 0 0 0 0 0 0 0 0 1 0 0 0 0 0 0 0 0 1 0 1 0 0 0 0 0 0 1 0 1 0 0 3 0 1 0 1 0 1 0 0 3 0 1 0 1 0 1 0 0 3 0 1 0 1 0 1 0 0 3 0 1 0 1 0 1 0 0 3 0 1 0 1 0 1 0 0 3 0 1 0 1 0 1 0 0 3 0 1 0 1 0 1 0 0 3 0 1 0 1 0 1 0 0 12 0 1 0 1 0 1 0 0 16 0 4 0 1 0 1 0 12 0 
7 0 7 1 2 10 1 4 3 16 2 2 10 1 2 4 2 4 2 6 9 6 3 2 9 1 6 7 4 5 7 1 4 7 21 7 11 3 10 18 3 1 0 0 0 0 0 0 0 0 1 0 0 0 0 0 0 0 0 1 0 0 0 0 0 0 0 0 1 0 0 0 0 0 0 0 0 1 0 0 0 0 0 0 0 0 1 0 0 0 0 0 0 0 0 1 0 1 0 0 0 0 0 0 1 0 1 0 0 0 0 1 0 1 0 1 0 0 0 0 1 0 1 0 1 0 0 0 0 1 0 1 0 1 0 0 0 0 1 0 1 0 1 0 0 0 0 1 0 1 0 1 0 0 0 0 1 0 1 0 1 0 0 0 0 1 0 1 0 1 0 0 0 0 1 0 1 0 1 0 0 0 0 1 0 1 0 1 0 0 0 0 4 0 1 0 1 0 12 0 
7 0 10 1 2 10 1 4 3 16 2 2 10 1 2 4 2 4 2 6 9 7 3 2 10 1 6 8 4 5 7 1 4 7 21 7 11 3 10 18 3 1 0 0 0 0 0 0 0 0 1 0 0 0 0 0 0 0 0 1 0 0 0 0 0 0 0 0 1 0 0 0 0 0 0 0 0 1 0 0 0 0 0 0 0 0 1 0 0 0 0 0 0 0 0 1 0 1 0 0 0 0 0 0 1 0 1 0 0 3 0 1 0 1 0 1 0 0 3 0 1 0 1 0 1 0 0 3 0 1 0 1 0 1 0 0 3 0 1 0 1 0 1 0 0 3 0 1 0 1 0 1 0 0 3 0 1 0 1 0 1 0 0 3 0 1 0 1 0 1 0 0 3 0 1 0 1 0 1 0 0 12 0 1 0 1 0 1 0 0 16 0 4 0 1 0 1 0 12 0 
7 0 10 1 1 10 1 3 3 16 1 2 10 1 1 3 2 4 2 6 9 7 2 2 9 1 6 8 4 5 7 1 4 7 21 6 11 3 10 18 3 1 0 0 0 0 0 0 0 0 1 0 0 0 0 0 0 0 0 1 0 0 0 0 0 0 0 0 1 0 0 0 0 0 0 0 0 1 0 0 0 0 0 0 0 0 1 0 0 0 0 0 0 0 0 1 0 1 0 0 0 0 0 0 1 0 1 0 0 3 0 0 0 1 0 1 0 0 3 0 0 0 1 0 1 0 0 3 0 0 0 1 0 1 0 0 3 0 0 0 1 0 1 0 0 3 0 0 0 1 0 1 0 0 3 0 0 0 1 0 1 0 0 3 0 0 0 1 0 1 0 0 3 0 0 0 1 0 1 0 0 12 0 0 0 1 0 1 0 0 16 0 0 0 1 0 1 0 11 0 
7 0 10 1 2 10 1 4 3 16 2 2 10 1 2 4 2 4 2 6 9 7 3 2 10 1 6 8 4 5 7 1 4 7 21 7 11 3 10 18 3 1 0 0 0 0 0 0 0 0 1 0 0 0 0 0 0 0 0 1 0 0 0 0 0 0 0 0 1 0 0 0 0 0 0 0 0 1 0 0 0 0 0 0 0 0 1 0 0 0 0 0 0 0 0 1 0 1 0 0 0 0 0 0 1 0 1 0 0 3 0 1 0 1 0 1 0 0 3 0 1 0 1 0 1 0 0 3 0 1 0 1 0 1 0 0 3 0 1 0 1 0 1 0 0 3 0 1 0 1 0 1 0 0 3 0 1 0 1 0 1 0 0 3 0 1 0 1 0 1 0 0 3 0 1 0 1 0 1 0 0 12 0 1 0 1 0 1 0 0 16 0 4 0 1 0 1 0 12 0 
9 2 9 0 4 12 3 6 2 18 4 4 12 3 4 6 4 6 4 6 11 8 5 4 12 3 5 9 6 7 9 3 6 9 23 9 11 5 12 20 5 0 2 2 2 2 2 2 2 2 0 2 2 2 2 2 2 2 2 0 2 2 2 2 2 2 2 2 0 2 2 2 2 2 2 2 2 0 2 2 2 2 2 2 2 2 0 2 2 2 2 2 2 2 2 0 2 3 2 2 2 2 2 2 0 2 3 2 2 2 2 3 2 0 2 3 2 2 2 2 3 2 0 2 3 2 2 2 2 3 2 0 2 3 2 2 2 2 3 2 0 2 3 2 2 2 2 3 2 0 2 3 2 2 2 2 3 2 0 2 3 2 2 2 2 3 2 0 2 3 2 2 2 2 3 2 0 2 3 2 2 14 2 3 2 0 2 3 2 2 15 2 6 2 0 2 3 2 12 2 
7 0 10 1 2 10 1 4 3 16 2 2 10 1 2 4 2 4 2 6 9 7 3 2 10 1 6 8 4 5 7 1 4 7 21 7 11 3 10 18 3 1 0 0 0 0 0 0 0 0 1 0 0 0 0 0 0 0 0 1 0 0 0 0 0 0 0 0 1 0 0 0 0 0 0 0 0 1 0 0 0 0 0 0 0 0 1 0 0 0 0 0 0 0 0 1 0 1 0 0 0 0 0 0 1 0 1 0 0 3 0 1 0 1 0 1 0 0 3 0 1 0 1 0 1 0 0 3 0 1 0 1 0 1 0 0 3 0 1 0 1 0 1 0 0 3 0 1 0 1 0 1 0 0 3 0 1 0 1 0 1 0 0 3 0 1 0 1 0 1 0 0 3 0 1 0 1 0 1 0 0 12 0 1 0 1 0 1 0 0 16 0 4 0 1 0 1 0 12 0 
7 0 10 1 2 10 1 4 3 15 2 2 10 1 2 4 2 4 2 6 9 7 3 1 10 1 6 8 3 5 7 1 4 7 21 7 11 3 10 18 3 1 0 0 0 0 0 0 0 0 1 0 0 0 0 0 0 0 0 1 0 0 0 0 0 0 0 0 1 0 0 0 0 0 0 0 0 1 0 0 0 0 0 0 0 0 1 0 0 0 0 0 0 0 0 1 0 0 0 0 0 0 0 0 1 0 0 0 0 3 0 1 0 1 0 0 0 0 3 0 1 0 1 0 0 0 0 3 0 1 0 1 0 0 0 0 3 0 1 0 1 0 0 0 0 3 0 1 0 1 0 0 0 0 3 0 1 0 1 0 0 0 0 3 0 1 0 1 0 0 0 0 3 0 1 0 1 0 0 0 0 12 0 1 0 1 0 0 0 0 16 0 4 0 1 0 0 0 12 0 
7 0 10 1 2 10 1 4 3 16 2 2 10 1 2 4 2 4 2 6 9 7 3 2 10 1 6 8 4 5 7 1 4 7 21 7 11 3 10 18 3 1 0 0 0 0 0 0 0 0 1 0 0 0 0 0 0 0 0 1 0 0 0 0 0 0 0 0 1 0 0 0 0 0 0 0 0 1 0 0 0 0 0 0 0 0 1 0 0 0 0 0 0 0 0 1 0 1 0 0 0 0 0 0 1 0 1 0 0 3 0 1 0 1 0 1 0 0 3 0 1 0 1 0 1 0 0 3 0 1 0 1 0 1 0 0 3 0 1 0 1 0 1 0 0 3 0 1 0 1 0 1 0 0 3 0 1 0 1 0 1 0 0 3 0 1 0 1 0 1 0 0 3 0 1 0 1 0 1 0 0 12 0 1 0 1 0 1 0 0 16 0 4 0 1 0 1 0 12 0 
533 533 533 533 533 533 533 533 533 533 533 533 533 533 533 533 533 533 533 533 533 533 533 533 533 533 533 533 533 533 533 533 533 533 533 533 533 533 533 533 533 533 533 533 533 533 533 533 533 533 533 533 533 533 533 533 533 533 533 533 533 533 533 533 533 533 533 533 533 533 533 533 533 533 533 533 533 533 533 533 533 533 533 533 533 533 533 533 533 533 533 533 533 533 533 533 533 533 533 533 533 533 533 533 533 533 533 533 533 533 533 533 533 533 533 533 533 533 533 533 533 533 533 533 533 533 533 533 533 533 533 533 533 533 533 533 533 533 533 533 533 533 533 533 533 533 533 533 533 533 533 533 533 533 533 533 533 533 533 533 533 533 533 533 533 533 533 533 533 533 533 533 533 533 533 533 533 533 533 533 533 533 533 533 533 533 533 533 533 533 533 533 533 533 533 533 533 533 0 533 
533 533 533 533 533 533 533 533 533 533 533 533 533 533 533 533 533 533 533 533 533 533 533 533 533 533 533 533 533 533 533 533 533 533 533 533 533 533 533 533 533 533 533 533 533 533 533 533 533 533 533 533 533 533 533 533 533 533 533 533 533 533 533 533 533 533 533 533 533 533 533 533 533 533 533 533 533 533 533 533 533 533 533 533 533 533 533 533 533 533 533 533 533 533 533 533 533 533 533 533 533 533 533 533 533 533 533 533 533 533 533 533 533 533 533 533 533 533 533 533 533 533 533 533 533 533 533 533 533 533 533 533 533 533 533 533 533 533 533 533 533 533 533 533 533 533 533 533 533 533 533 533 533 533 533 533 533 533 533 533 533 533 533 533 533 533 533 533 533 533 533 533 533 533 533 533 533 533 533 533 533 533 533 533 533 533 533 533 533 533 533 533 533 533 533 533 533 533 533 0 
0.235780 