1
100 1
0 999999 23 999999 280 999999 803 417 999999 999999 252 44 999999 999999 165 999999 928 236 999999 999999 999999 999999 495 964 999999 427 999999 235 461 781 430 999999 213 999999 396 401 999999 999999 556 999999 707 999999 525 907 999999 999999 711 999999 999999 711 999999 106 410 999999 504 999999 839 999999 550 999999 488 999999 999999 999999 999999 797 321 999999 999999 999999 999999 965 999999 374 557 999999 999999 999999 999999 999999 999999 999999 999999 788 868 999999 999999 489 60 726 372 999999 999999 999999 589 999999 999999 999999 999999 999999
999999 0 999999 999999 756 129 719 999999 447 999999 81 193 999999 999999 68 999999 999999 999999 144 999999 936 343 302 999999 595 999999 999999 999999 419 999999 999999 835 230 813 247 658 245 797 535 999999 611 775 167 177 999999 194 647 696 249 999999 521 999999 999999 479 999999 999999 840 999999 598 999999 321 384 415 251 999999 999999 999999 999999 650 999999 999999 112 999999 999999 12 504 999999 152 116 931 999999 999999 291 408 999999 633 999999 248 999999 999999 999999 999999 219 999999 98 999999 999999 999999 999999 999999
716 999999 0 706 783 115 999999 999999 999999 999999 749 910 430 999999 525 10 999999 223 999999 677 945 999999 594 999999 588 999999 999999 962 999999 969 999999 459 999999 999999 999999 885 77 906 999999 606 491 713 999999 559 274 532 816 819 21 999999 515 999999 856 216 999999 999999 999999 999999 999999 535 999999 777 999999 539 973 999999 142 488 999999 990 999999 999999 331 999999 999999 999999 102 175 597 60 999999 999999 999999 527 999999 955 999999 999999 999999 661 923 504 678 524 35 619 999999 591 999999 999999
30 999999 999999 0 999999 999999 929 999999 955 999999 852 999999 999999 156 392 525 477 999999 999999 999999 854 747 999999 999999 862 246 999999 999999 108 288 613 145 999999 999999 999999 627 999999 999999 999999 216 792 749 1 999999 999999 885 110 999999 26 999999 999999 999999 604 347 999999 570 625 344 999999 999999 507 280 899 209 999999 179 999999 355 20 915 999999 528 999999 663 999999 882 999999 371 999999 999999 767 999999 433 999999 999999 655 206 787 596 999999 430 2 722 784 525 123 999999 239 999999 999999
999999 31 999999 386 0 999999 999999 703 845 999999 406 999999 999999 999999 999999 999999 999999 297 999999 206 117 701 610 696 999999 999999 999999 999999 725 999999 999999 515 29 999999 32 999999 999999 999999 956 999999 999999 999999 817 999999 752 999999 999999 999999 806 431 103 496 992 578 917 999999 999999 225 999999 543 946 999999 999999 574 602 797 590 859 999999 404 999999 856 966 999999 447 999999 999999 999999 685 999999 999999 999999 283 999999 689 999999 223 999999 999999 999999 374 999999 917 745 999999 143 999999 526 974 999999
241 999999 529 976 756 0 999999 523 907 203 999999 999999 999999 909 625 999999 999999 999999 999999 680 576 999999 999999 100 667 628 999999 800 779 999999 999999 123 999999 999999 31 999999 853 423 999999 999999 651 231 999999 215 999999 281 439 903 232 999999 999999 916 42 868 999999 39 999999 999999 999999 999999 999999 151 770 324 999999 999999 999999 999999 999999 307 999999 122 999999 999999 999999 191 999999 999999 999999 999999 84 999999 538 104 455 823 999999 999999 999999 999999 999999 693 829 927 374 999999 91 737 999999 487
999999 999999 843 687 999999 999999 0 818 999999 999999 686 999999 762 999999 693 999999 793 352 133 289 999999 568 999999 999999 999999 209 999999 556 999999 381 999999 999999 67 395 999999 999999 999999 340 999999 999999 714 999999 104 999999 999999 999999 999999 37 999999 117 97 158 801 999999 999999 999999 999999 24 682 999999 247 358 999999 999999 999999 999999 256 595 999999 627 999999 977 606 698 437 999999 999999 999999 999999 829 57 418 999999 936 999999 18 283 421 999999 766 444 366 999999 153 43 969 551 179 999999 999999
999999 200 999999 784 943 493 486 0 999999 999999 999999 289 654 999999 999999 675 999999 30 999999 842 644 999999 999999 809 794 999999 957 999999 775 999999 908 365 602 98 791 411 256 999999 401 346 999999 999999 999999 999999 339 801 999999 980 455 999999 999999 999999 432 999999 999999 25 999999 999999 999999 999999 999999 951 999999 999999 999999 999999 999999 79 298 999999 999999 441 999999 999999 790 999999 231 741 999999 999999 872 999999 458 996 337 199 824 729 999999 999999 999999 12 999999 567 180 999999 280 31 999999 999999
860 999999 999999 999999 52 436 539 855 0 220 999999 999999 644 873 999999 999999 420 999999 368 999999 962 190 999999 802 999999 301 423 999999 999999 999999 741 999999 999999 999999 135 12 999999 999999 49 898 999999 234 999999 999999 314 256 879 999999 999999 989 999999 584 999999 999999 981 999999 999999 999999 999999 999999 999999 852 999999 999999 550 347 999999 337 999999 553 690 259 999999 999999 999999 769 999999 347 999999 999999 249 238 999999 999999 999999 999999 999999 999999 582 646 999999 999999 235 999999 999999 999999 58 999999 999999 999999
100 503 309 878 440 883 667 906 999999 0 999999 277 550 999999 999999 640 999999 302 36 646 999999 999999 999999 62 244 999999 999999 999999 999999 159 253 999999 338 999999 999999 314 999999 999999 12 579 547 84 999999 376 154 73 936 466 305 407 999999 364 5 999999 537 999999 999999 999999 999999 962 455 999999 658 999999 709 999999 999999 999999 515 147 999999 762 999999 999999 999999 991 295 999999 207 999999 999999 999999 314 876 325 331 379 519 601 999999 758 298 999999 674 999999 999999 999999 686 999999 999999
999999 999999 955 999999 387 999999 999999 999999 921 999999 0 999999 148 391 999999 999999 389 999999 999999 519 999999 668 999999 431 286 999999 693 849 769 999999 978 773 999999 971 999999 464 855 569 105 385 999999 154 999999 699 232 999999 933 999999 689 999999 791 999999 383 907 876 894 670 999999 441 999999 999999 175 999999 999999 891 999 896 999999 999999 999999 524 999999 472 78 461 816 543 164 615 999999 608 999999 436 382 999999 999999 18 999999 248 999999 409 158 275 999999 636 485 999999 223 847 709
999999 999999 779 307 85 999999 601 999999 999999 512 123 0 578 895 974 999999 314 999999 999999 999999 999999 999999 999999 119 435 999999 999999 999999 999999 626 366 753 343 987 999999 844 339 999999 999999 999999 999999 354 999999 999999 803 866 999999 945 999999 440 182 812 468 903 999999 187 482 812 953 922 999999 999999 999999 551 390 304 999999 568 999999 818 126 999999 569 999999 999999 999999 668 531 999999 999999 999999 999999 813 510 999999 209 758 649 69 999999 630 230 999999 975 999999 404 74 999999 249 999999
387 999999 75 999999 999999 999999 723 214 175 999999 392 999999 0 38 999999 95 999999 999999 999999 433 644 999999 999999 72 120 888 999999 999999 73 824 444 999999 642 999999 999999 535 891 999999 644 999999 181 932 540 999999 999999 999999 465 971 966 386 973 999999 999999 903 999999 999999 999999 75 209 999999 20 634 999999 999999 27 999999 811 396 962 761 999999 194 999999 999999 895 999999 492 999999 999999 999999 999999 208 797 999999 999999 999999 999999 811 999999 999999 999999 999999 999999 823 10 999999 723 999999 937 999999
999999 999999 617 757 693 629 728 999999 999999 999999 999999 84 999999 0 999999 999999 999999 852 313 168 37 599 142 999999 999999 966 604 999999 362 944 616 725 651 999999 114 560 999999 801 999999 270 613 287 438 220 147 752 999999 863 999999 526 348 904 999999 685 999999 125 247 311 999999 162 999999 612 999999 46 174 525 999999 999999 768 999999 999999 999999 346 246 999999 960 264 999999 763 999999 813 551 733 591 999999 786 999999 999999 359 999999 852 999999 999999 263 999999 999999 999999 68 999999 999999
999999 116 643 472 955 999999 775 999999 752 999999 910 166 69 999999 0 999999 731 999999 501 999999 999999 297 999999 999999 978 999999 322 70 684 550 999999 597 999999 999999 32 930 999999 999999 999999 999999 758 134 391 999999 999999 999999 999999 999999 999999 999999 127 999999 784 999999 746 999999 999999 999999 505 999999 999999 999999 598 999999 767 550 647 225 999999 999999 999999 756 999999 999999 643 950 472 999999 999999 947 183 101 300 999999 999999 547 999999 899 999999 554 716 999999 999999 168 999999 915 999999 999999 999999 176
999999 999999 999999 999999 999999 103 631 999999 999999 211 999999 511 999999 999999 440 0 999999 999999 999999 999999 686 638 757 210 475 999999 999999 999999 999999 321 211 999999 999999 999999 999999 999999 391 999999 499 999999 999999 999999 45 999999 588 999999 999999 999999 966 515 999999 660 999999 372 999999 999999 999999 999999 999999 737 999999 999999 999999 999999 999999 999999 999999 430 999999 196 702 999999 999999 697 386 363 999999 999999 999999 999999 999999 999999 999999 999999 424 999999 999999 999999 452 999999 999999 999999 999999 241 999999 999999 999999 303 999999 999999
447 889 999999 238 909 999999 394 999999 999999 166 249 867 999999 459 128 999999 0 519 999999 999999 999999 999999 999999 999999 999999 165 999999 999999 999999 181 481 269 500 256 999999 999999 999999 999999 999999 999999 999999 999999 999999 999999 999999 57 999999 999999 999999 593 423 362 999999 580 999999 274 999999 999999 487 999999 999999 63 999999 215 999999 792 986 813 999999 999999 999999 596 131 999999 999999 999999 999999 566 999999 999999 999999 143 525 999999 999999 999999 89 999999 894 49 926 640 20 999999 999999 999999 773 999999 622 999999
999999 999999 136 327 601 381 999999 189 999999 999999 458 455 998 999999 980 507 662 0 473 999999 896 945 571 999999 999999 772 646 999999 999999 189 999999 619 999999 999999 999999 999999 302 999999 999999 515 583 355 999999 787 612 972 306 999999 999999 999999 161 999999 999999 999999 999999 999999 836 975 999999 350 201 999999 712 999999 999999 971 999999 999999 999999 999999 999999 999999 999999 999999 556 999999 999999 999999 999999 999999 999999 999999 999999 915 160 999999 972 274 670 748 999999 195 461 418 590 818 999999 824 520 769
484 510 63 202 999999 699 800 104 999999 239 999999 833 344 857 609 999999 63 305 0 999999 290 999999 999999 319 999999 999999 999999 999999 687 770 963 999999 999999 999999 650 622 999999 999999 999999 999999 792 327 727 999999 999999 118 999999 999999 999999 999999 434 999999 999999 66 999999 999999 424 999999 238 999999 999999 999999 364 999999 999999 978 931 715 999999 999999 999999 425 999999 999999 556 999999 790 236 645 999999 999999 999999 999999 520 999999 999999 999999 999999 999999 999999 811 45 999999 220 999999 107 999999 938 328 426
999999 886 231 386 786 872 405 843 999999 801 187 678 999999 999999 999999 713 999999 381 999999 0 999999 999999 999999 999999 999999 999999 515 9 110 151 999999 165 220 28 999999 48 432 65 999999 999999 999999 999999 44 282 106 999999 999999 999999 999999 999999 999999 445 327 778 226 288 974 999999 999999 999999 999999 999999 999999 439 290 312 999999 381 250 999999 999999 999999 488 101 999999 575 999999 257 999999 999999 999999 999999 999999 882 999999 865 688 999999 534 221 467 922 650 399 975 999999 351 401 999999 999999
114 999999 999999 381 999999 999999 999999 390 999999 548 140 269 912 999999 21 100 491 64 8 66 0 902 85 138 709 999999 227 999999 235 624 999999 999999 757 999999 999999 999999 91 613 301 999999 999999 999999 528 8 978 999999 117 535 868 570 999999 136 934 347 906 496 750 999999 999999 210 150 999999 999999 900 525 479 160 999999 905 999999 999999 999999 26 999999 349 999999 686 736 684 981 466 999999 999999 818 967 999999 999999 999999 982 999999 465 999999 999999 999999 999999 557 395 631 999999 154
11 999999 354 999999 957 999999 999999 352 118 999999 999999 187 677 982 657 836 532 488 999999 999999 771 0 951 999999 718 999999 999999 287 999999 999999 999999 999999 395 999999 815 999999 423 992 999999 781 999999 210 914 999999 999999 999999 999999 999999 999999 704 999999 999999 96 999999 749 999999 656 999999 999999 338 999999 650 586 999999 999999 999999 403 999999 3 679 999999 997 661 500 86 999999 999999 682 999999 870 755 999999 529 999999 308 999999 999999 999999 999999 999999 960 245 309 934 164 999999 999999 999999 984 999999
496 71 566 999999 254 822 999999 999999 999999 999999 272 999999 388 707 326 872 273 857 999999 999999 229 607 0 999999 665 389 999999 999999 571 290 999999 395 999999 999999 165 999999 999999 300 788 999999 712 999999 999999 999999 456 999999 947 276 511 388 955 999999 999999 936 999999 999999 155 999999 177 999999 999999 999999 629 999999 999999 396 999999 999999 999999 95 783 209 999999 846 342 999999 999999 871 875 999999 999999 424 999999 561 280 224 780 858 396 999999 872 370 999999 999999 999999 999999 822 999999 287 818
265 244 823 544 240 307 999999 210 999999 999999 18 418 312 527 999999 906 482 480 999999 998 909 353 999999 0 959 72 477 999999 999999 999999 999999 728 742 999999 277 695 627 999999 249 999999 999999 999999 207 999999 999999 999999 999999 746 999999 999999 999999 999999 999999 680 812 937 999999 538 831 999999 793 999999 999999 999999 999999 999999 74 25 999999 999999 999999 999999 90 999999 999999 999999 816 999999 221 137 349 999999 999999 999999 999999 629 999999 839 814 243 470 584 999999 798 408 550 999999 148 999999 999999
726 999999 999999 234 792 999999 999999 741 776 785 226 999999 424 609 999999 718 284 999999 897 769 925 923 999999 326 0 150 78 389 338 254 139 211 999999 558 571 949 999999 165 999999 589 999999 999999 999999 385 452 999999 999999 999999 511 999999 999999 999999 736 599 999999 999999 999999 606 996 999999 717 999999 806 999999 999999 554 967 999999 910 104 999999 999999 999999 11 256 6 999999 452 385 269 999999 489 388 459 378 999999 999999 535 837 999999 806 829 86 999999 433 999999 999999 999999 999999 954
999999 999999 999999 999999 999999 572 999999 999999 999999 566 692 999999 999999 57 999999 197 999999 999999 706 393 999999 999999 999999 63 999999 0 999999 630 682 999999 999999 480 999999 259 888 999999 999999 881 977 936 865 633 323 742 135 999999 999999 280 999999 97 260 999999 150 999999 954 998 999999 742 136 999999 999999 870 811 126 999999 797 959 999999 999999 104 956 686 11 999999 693 999999 999999 983 999999 999999 609 521 135 228 10 999999 416 999999 786 736 999999 999999 747 999999 999999 543 707 999999 550 761
664 625 999999 999999 373 999999 999999 510 999999 999999 827 150 440 999999 979 86 999999 999999 91 999999 999999 999999 516 999999 381 999999 0 914 436 224 999999 999999 590 999999 999999 601 272 291 14 999999 999999 999999 999999 145 999999 393 999999 999999 988 999999 999999 508 742 999999 999999 132 274 999999 999999 999999 249 513 315 530 427 999999 431 665 927 999999 999999 999999 535 999999 999999 999999 490 689 999999 999999 999999 384 999999 70 723 999999 999999 604 786 999999 999999 218 999999 999999 647 500 999999 999999 999999 682
999999 257 141 999999 4 999999 999999 999999 999999 566 999999 999999 999999 251 999999 304 999999 997 224 999999 782 457 999999 999999 803 804 221 0 395 813 282 889 593 999999 547 999999 999999 999999 7 999999 999999 797 999999 59 999999 999999 637 397 512 705 892 383 204 999999 493 49 999999 520 999999 589 999999 501 999999 247 610 71 999999 894 400 281 276 999999 769 168 431 999999 164 999999 41 511 999999 999999 999999 828 74 999999 805 820 999999 504 860 844 10 53 999999 999999 999999 999999 999999 999999
314 999999 869 999999 969 999999 999999 599 325 999999 999999 655 353 932 999999 964 999999 999999 999999 806 873 213 999999 999999 441 672 999999 999999 0 999999 999999 88 999999 999999 999999 999999 1 999999 999999 813 804 629 232 999999 100 617 999999 999999 384 322 562 999999 999999 999999 229 706 999999 282 657 999999 877 164 699 783 628 587 451 820 3 793 459 852 971 527 684 421 999999 999999 999999 593 587 292 615 991 603 258 999999 999999 532 565 604 576 485 999999 999999 999999 556 999999 999999 979
792 33 949 999999 744 999999 901 555 999999 999999 191 999999 999999 999999 999999 973 999999 999999 275 999999 999999 690 292 999999 688 999999 101 999999 711 0 682 999999 86 979 770 999999 853 999999 728 999999 999999 999999 936 960 999999 58 999999 263 935 885 934 599 999999 999999 763 999999 734 544 137 403 999999 534 269 250 999999 999999 999999 955 999999 999999 999999 999999 999999 343 656 352 999999 999999 999999 746 999999 999999 999999 999999 999999 999999 999999 999999 999999 625 999999 999999 492 999999 913 680 999999 643 999999 999999
523 999999 999999 708 999999 116 372 999999 886 320 999999 588 999999 999999 999999 999999 257 115 999999 480 999999 999999 999999 999999 171 999999 999999 999999 999999 999999 0 999999 658 745 999999 989 97 999999 999999 436 999999 391 157 999999 774 703 999999 646 999999 999999 999999 999999 120 999999 593 822 204 542 451 875 999999 999999 536 999999 778 999999 66 929 498 999999 999999 722 83 314 999999 700 999999 999999 999999 999999 999999 319 999999 573 955 999999 632 999999 999999 999999 999999 863 999999 999999 130 678 999999 942 914 999999
999999 615 787 999999 999999 676 540 999999 999999 433 999999 185 999999 931 776 578 686 949 999999 2 999999 224 912 999999 999999 88 999999 640 798 999999 117 0 999999 115 999999 585 999999 999999 486 999999 436 999999 999999 223 999999 469 937 466 65 858 291 390 988 999999 999999 238 989 939 13 999999 53 999999 999999 27 875 923 999999 621 384 423 999999 999999 999999 999999 999999 999999 999999 999999 999999 713 655 317 999999 269 115 300 999999 567 999999 999999 325 999999 999999 999999 999999 810 464 999999 999999 999999
910 955 228 620 387 318 999999 999999 999999 999999 684 999999 449 931 999999 999999 28 999999 999999 999999 346 879 999999 501 999999 978 272 298 999999 396 363 246 0 877 319 840 636 999999 999999 999999 641 999999 999999 716 999999 435 580 371 999999 778 469 28 999999 249 999999 999999 569 999999 515 999999 551 161 999999 529 503 223 999999 999999 767 25 783 808 391 999999 999999 705 999999 999999 999999 981 124 999999 889 698 636 801 313 938 999999 999999 999999 259 999999 999999 554 50 775 999999 563 844
999999 999999 547 999999 999999 999999 999999 999999 570 999999 944 977 999999 999999 999999 999999 543 983 999999 999999 989 999999 730 916 999999 453 860 999999 516 925 688 999999 999999 0 999999 999999 265 999999 999999 999999 999999 911 999999 359 999999 999999 180 999999 825 41 625 999999 369 999999 999999 999999 999999 774 999999 645 999999 999999 68 792 823 456 999999 999999 999999 482 25 999999 61 605 61 999999 999999 999999 957 999999 778 999999 911 999999 802 999999 441 35 972 396 999999 616 999999 940 494 999999 999999 399 999999 427
450 999999 218 999999 999999 999999 225 999999 501 768 999999 999999 999999 893 199 671 999999 999999 264 999999 708 460 713 758 415 443 303 609 999999 374 999999 999999 62 575 0 999999 999999 140 999999 999999 999999 256 728 999999 530 999999 658 999999 612 586 999999 999999 999999 999999 999999 999999 999999 95 999999 822 686 999999 999999 66 428 278 999999 999999 660 663 714 999999 999999 658 999999 409 999999 999999 999999 420 999999 999999 730 999999 999999 626 999999 999999 581 999999 999999 999999 304 999999 999999 999999 811 999999 999999 999999
673 37 311 808 476 999999 999999 999999 999999 74 999999 999999 999999 999999 999999 999999 694 34 999999 274 999999 999999 392 999999 686 999999 999999 874 999999 999999 726 999999 999999 647 999999 0 999999 4 999999 806 999999 5 819 403 999999 999999 999999 999999 626 888 250 999999 477 999999 517 153 999999 999999 999999 999999 999999 999999 129 786 782 577 864 999999 999999 999999 999999 999999 999999 727 275 999999 656 209 999999 999999 664 753 999999 999999 317 770 999999 913 192 999999 999999 840 999999 999999 64 999999 325 902 152 999999
38 999999 999999 488 999999 864 622 691 34 448 999999 999999 999999 999999 999999 316 728 648 999999 999999 428 999999 999999 60 22 655 999999 461 999999 187 999999 916 934 999999 605 848 0 268 999999 406 965 321 999999 578 896 999999 254 594 3 985 245 999999 49 999999 999999 248 330 999999 270 999999 999999 317 999999 999999 999999 540 999999 999999 999999 999999 999999 999999 758 170 337 999999 999999 863 999999 999999 807 378 610 296 80 354 246 999999 727 237 999999 327 459 999999 999999 999999 841 999999 441 548
231 999999 51 999999 945 612 999999 930 999999 999999 276 999999 746 636 207 398 201 999999 214 999999 999999 92 999999 126 969 999999 776 999999 566 999999 600 999999 999999 999999 603 989 56 0 761 8 912 999999 268 999999 999999 999999 999999 999999 999999 676 999999 999999 999999 999999 999999 38 248 382 377 999999 293 7 560 999999 884 45 469 622 552 803 999999 999999 268 515 59 999999 581 999999 462 795 938 999999 999999 999999 694 999999 999999 999999 741 427 999999 369 995 285 248 303 999999 610 999999 564
180 195 999999 999999 999999 251 999999 802 999999 999999 613 999999 999999 999999 504 999999 999999 438 487 730 757 999999 999999 999999 999999 999999 999999 999999 999999 999999 999999 999999 999999 999999 999999 999999 12 999999 0 787 999999 999999 822 684 999999 999999 999999 999999 999999 367 690 999999 463 921 141 849 999999 999999 999999 971 999999 999999 134 999999 999999 999999 999999 999999 999999 121 852 393 999999 360 999999 999999 114 39 999999 979 393 286 990 999999 999999 774 999999 999999 999999 281 414 186 512 999999 895 999999 815 783 999999 999999
999999 999999 999999 999999 999999 336 999999 340 999999 999999 989 999999 999999 999999 311 999999 999999 918 479 999999 999999 646 999999 999999 999999 169 206 999999 999999 776 548 380 999999 999999 999999 999999 437 177 690 0 624 999999 999999 109 999999 999999 322 999999 999999 392 505 999999 72 440 254 861 999999 969 999999 324 999999 443 999999 617 999999 225 97 881 999999 999999 999999 999999 999999 999999 999999 207 999999 344 891 192 999999 365 974 999999 999999 999999 999999 999999 299 727 999999 999999 999999 999999 999999 126 999999 55 538 793
999999 958 858 999999 559 431 556 999999 999999 999999 999999 587 999999 553 999999 723 18 999999 813 884 493 87 593 999999 730 202 999999 999999 320 999999 999999 44 289 179 436 164 999999 297 999999 294 0 312 926 999999 536 999999 999999 627 999999 192 999999 238 582 227 154 999999 999999 999999 999999 999999 999999 999999 999999 58 999999 999999 598 999999 101 349 929 158 999999 607 999999 999999 490 953 999999 247 977 462 999999 863 999999 999999 999999 999999 474 860 999999 638 999999 136 999999 429 369 999999 999999 886
999999 351 69 239 999999 322 999999 471 816 999999 144 999999 999999 679 999999 999999 999999 999999 381 999999 999999 497 4 999999 710 389 174 460 488 999999 967 272 999999 999999 846 186 484 984 33 430 999999 0 999999 355 999999 432 999999 999999 870 999999 999999 999999 110 999999 489 999999 54 954 742 25 999999 999999 999999 876 891 999999 616 999999 309 999999 505 821 999999 999999 999999 999999 999999 716 999999 923 999999 999999 562 999999 999999 406 999999 999999 999999 827 117 999999 999999 999999 630 999999 336 97 999999 999999
216 492 796 582 914 675 640 134 643 63 999999 332 999999 999999 998 999999 999999 632 999999 535 999999 826 999999 999999 999999 999999 999999 813 205 999999 601 129 318 999999 742 999999 999999 999999 50 999999 999999 493 0 999999 999999 999999 999999 13 999999 662 803 110 999999 977 754 832 999999 999999 831 725 449 999999 999999 999999 999999 951 377 392 999999 912 999999 886 856 866 999999 872 999999 563 891 999999 999999 999999 999999 999999 999999 80 999999 999999 25 639 819 921 999999 658 999999 999999 999999 999999 999999 999999
999999 999999 999999 573 239 999999 523 60 999999 791 999999 210 999999 519 999999 201 999999 999999 831 652 999999 789 999999 189 715 999999 999999 983 232 111 999999 999999 10 999999 537 716 608 884 846 999999 821 999999 999999 0 444 816 999999 999999 999999 286 127 107 999999 19 586 593 999999 974 999999 537 758 591 999999 999999 633 582 927 553 425 145 802 622 999999 831 53 999999 999999 757 933 999999 999999 999999 999999 999999 254 564 262 539 999999 999999 999999 999999 999999 981 95 999999 906 999999 649 93
695 999999 314 477 999999 999999 917 243 971 566 883 999999 999999 645 729 120 999999 30 999999 91 999999 169 382 109 999999 999999 300 999999 999999 999999 557 999999 637 999999 843 225 999999 328 999999 999999 88 66 686 999999 0 881 999999 999999 825 999999 999999 260 205 999999 37 999999 218 999999 999999 988 999999 999999 999999 999999 459 999999 999999 999999 355 116 999999 999999 300 999999 999999 672 655 999999 999999 999999 999999 999999 999999 786 354 999999 999999 504 622 999999 272 999999 127 999999 999999 979 999999 419 12 999999
515 999999 999999 674 293 999999 389 803 182 999999 130 355 999999 880 423 999999 224 999999 410 449 960 999999 992 892 999999 999999 999999 570 170 29 940 999999 607 699 432 511 999999 999999 28 736 438 999999 999999 346 999999 0 148 762 683 999999 850 999999 671 999999 737 999999 999999 171 315 917 793 999999 999999 999999 999999 556 999999 692 999999 126 46 132 999999 580 654 999999 751 999999 797 144 960 999999 219 682 408 999999 70 248 241 999999 134 999999 15 999999 999999 325 808 999999 999999 232
999999 999999 999999 999999 96 183 999999 159 999999 668 747 999999 656 999999 999999 999999 824 999999 999999 520 999999 477 743 388 999999 905 999999 999999 999999 396 999999 999999 999999 999999 564 816 537 120 999999 659 233 999999 999999 999999 999999 598 0 712 279 999999 999999 550 999999 999999 999999 299 999999 999999 181 999999 999999 677 999999 999999 999999 999999 668 451 999999 303 846 999999 999999 999999 999999 999999 999999 103 999999 999999 999999 607 999999 999999 999999 999999 999999 919 999999 999999 883 194 999999 999999 999999 810 534 990 904 979
999999 999999 432 62 739 117 999999 807 921 28 81 999999 999999 999999 70 999999 292 999999 999999 179 621 750 999999 900 828 999999 968 71 859 325 516 999999 999999 185 999999 999999 442 564 122 999999 103 99 999999 859 999999 921 999999 0 999999 914 999999 94 457 601 582 906 999999 76 654 743 999999 999999 999999 999999 999999 633 165 999999 81 999999 640 999999 397 999999 78 419 973 999999 999999 616 999999 420 999999 455 395 417 999999 751 621 176 538 999999 951 883 999999 999999 999999 999999 999999 999999
999999 999999 999999 872 999999 999999 691 522 999999 999999 960 653 999999 50 958 999999 552 999999 562 999999 999999 290 999999 467 309 999999 999999 999999 999999 929 487 229 999999 693 21 413 999999 392 889 429 999999 148 755 438 999999 221 999999 831 0 999999 38 659 999999 468 999999 978 999999 999999 999999 999999 999999 438 516 999999 999999 999999 999999 999999 999999 753 240 618 260 875 999999 999999 999999 999999 999999 999999 999999 948 347 999999 999999 999999 999999 999999 999999 37 999999 356 343 999999 999999 85 999999 437 999999 999999
490 383 999999 470 791 999999 34 999999 999999 563 999999 174 999999 999999 250 869 999999 999999 506 999999 999999 495 213 999999 206 445 310 999999 112 999999 498 971 965 999999 999999 999999 999999 999999 657 985 999999 999999 999999 999999 999999 999999 999999 280 999999 0 999999 999999 457 999999 999999 260 244 902 631 35 999999 999999 999999 999999 50 999999 449 999999 999999 999999 829 740 999999 999999 904 643 595 410 454 999999 819 999999 999999 792 999999 999999 538 241 171 922 122 999999 289 999999 847 999999 999999 999999 999999 999999
494 377 999999 999999 999999 288 529 999999 999999 999999 369 783 4 791 999999 999999 977 627 904 564 906 999999 999999 999999 999999 999999 614 999999 419 290 515 999999 685 219 810 528 687 999999 999999 999999 999999 512 608 999999 999999 999999 999999 211 179 516 0 999999 90 623 999999 412 673 999999 999999 256 999999 732 999999 999999 277 999999 999999 655 999999 836 730 999999 999999 999999 999999 99 999999 330 597 182 999999 822 943 999999 999999 849 999999 999999 999999 999999 999999 999999 999999 648 899 15 510 999999 999999 997
427 391 722 770 474 876 999999 999999 848 999999 999999 450 265 999999 999999 999999 854 999999 986 266 999999 223 263 474 999999 963 999999 999999 78 999999 271 999999 999999 999999 747 161 999999 999999 979 472 15 315 959 999999 999999 999999 739 921 999999 694 999999 0 999999 925 999999 824 513 889 999999 349 999999 999999 975 112 262 999999 999999 705 999999 70 482 627 999999 884 999999 999999 999999 536 999999 443 999999 95 255 750 999999 902 437 746 75 424 999999 999999 849 999999 999999 13 999999 999999 834 999999
360 661 867 52 999999 999999 999999 999999 157 999999 239 517 242 999999 368 967 445 999999 270 782 999999 999999 196 748 801 190 558 999999 639 999999 999999 999999 415 999999 498 169 999999 999999 553 999999 999999 397 63 867 999999 999999 605 999999 779 999999 999999 486 0 999999 634 999999 519 999999 999999 999999 353 999999 999999 398 999999 476 240 999999 999999 999999 999999 999999 754 999999 977 999999 999999 508 999999 934 999999 999999 999999 495 671 999999 641 790 234 890 563 999999 863 999999 171 57 999999 999999 652 999999
39 999999 197 149 999999 999999 999999 248 857 999999 289 999999 999999 999999 552 999999 999999 184 999999 429 999999 636 14 999999 999999 227 999999 767 238 59 999999 45 999999 775 999999 999999 489 999999 901 999999 999999 999999 999999 6 803 756 999999 854 999999 999999 247 999999 999999 0 999999 999999 999999 999999 45 902 966 999999 414 999999 291 520 999999 657 999999 999999 999999 819 73 999999 999999 748 999999 999999 374 999999 999999 999999 186 112 633 999999 999999 929 999999 999999 999999 319 999999 714 999999 999999 999999 326 999999 374
31 999999 75 6 425 999999 50 999999 999999 658 909 98 385 999999 926 283 999999 861 999999 664 999999 162 999999 999999 222 999999 999999 433 896 999999 198 356 707 999999 236 999999 999999 999999 999999 999999 52 999999 999999 999999 619 936 159 781 561 999999 999999 193 999999 999999 0 328 999999 686 999999 803 999999 999999 121 363 999999 740 184 999999 999999 279 287 999999 190 999999 349 999999 999999 801 54 999999 999999 70 314 999999 759 999999 108 999999 750 999999 260 108 999999 815 562 463 999999 999999 481 246
999999 9 879 36 694 802 504 579 999999 999999 999999 88 999999 519 999999 211 779 99 999999 999999 999999 437 238 999999 653 450 999999 365 999999 131 228 490 999999 373 999999 999999 510 999999 346 999999 236 290 999999 999999 999999 360 430 372 554 558 999999 314 51 999999 792 0 999999 88 999999 999999 926 442 752 830 958 379 999999 999999 161 966 302 999999 614 999999 999999 999999 999999 44 999999 183 912 915 999999 882 999999 999999 852 999999 394 999999 441 45 999999 999999 999999 465 999999 999999 999999 999999
999999 999999 999999 590 974 999999 999999 999999 999999 659 961 999999 894 197 999999 999999 74 733 999999 999999 999999 309 898 999999 707 999999 290 999999 999999 756 269 97 999999 399 999999 221 999999 404 324 543 999999 63 999999 999999 999999 359 999999 999999 584 999999 336 999999 999999 999999 999999 104 0 603 493 808 999999 613 999999 293 220 999999 999999 999999 999999 319 755 634 890 117 515 999999 941 245 999999 366 969 999999 382 999999 762 999999 999999 999999 999999 333 999999 848 999999 480 876 750 999999 999999 582 382
115 545 548 618 999999 999999 801 794 999999 999999 999999 999999 143 999999 750 999999 841 999999 999999 390 285 999999 441 999999 999999 977 999999 999999 870 999999 999999 999999 999999 999999 801 999999 999999 291 551 999999 999999 377 999999 999999 999999 642 999999 999999 999999 999999 999999 999999 999999 999999 551 991 999999 0 84 999999 696 999999 999999 814 118 495 74 999999 999999 999999 999999 998 320 999999 154 614 999999 148 999999 640 999999 929 999999 999999 999999 260 180 999999 139 328 969 26 888 999999 240 191 101 999999 999999 1
849 379 198 999999 999999 999999 690 999999 455 92 757 999999 999999 999999 999999 763 684 789 999999 999999 624 999999 978 999999 488 970 999999 999999 999999 999999 999999 996 999999 999999 999999 999999 89 999999 859 841 96 320 999999 707 999999 447 230 999999 999999 999999 877 34 914 624 999999 999999 784 999999 0 870 168 986 112 260 145 999999 999999 999999 907 522 999999 999999 999999 617 999999 644 988 999999 999999 10 503 999999 681 999999 324 999999 498 563 999999 999999 999999 483 248 999999 999999 999999 577 518 934 999999
782 999999 626 999999 999999 999999 999999 999999 185 208 999999 230 341 375 838 381 530 321 77 532 918 722 999999 999999 999999 17 827 999999 814 999999 999999 571 972 506 501 335 809 529 402 183 999999 109 999999 784 53 663 475 999999 999999 999999 999999 999999 381 125 999999 999999 780 999999 999999 0 999999 999999 999999 493 44 641 999999 999999 999999 359 999999 692 999999 999999 528 999999 999999 386 999999 999999 999999 999999 999999 937 611 485 999999 999999 472 608 999999 999999 999999 999999 317 633 999999 999999 999999 999999
999999 999999 835 317 362 133 999999 167 991 460 274 421 482 999999 896 297 999999 999999 999999 420 999999 999999 88 999999 999999 999999 999999 792 999999 678 999999 512 999999 600 999999 298 928 999999 11 999999 999999 729 160 756 361 292 641 769 999999 846 357 999999 999999 999999 395 999999 482 906 847 954 0 999999 759 999999 999999 597 221 999999 999999 568 999999 279 999999 999999 999999 999999 999999 999999 953 176 704 999999 999999 940 999999 246 865 999999 243 272 999999 999999 999999 999999 999999 999999 999999 393 999999 999999
999999 999999 999999 381 768 999999 969 203 226 936 999999 504 999999 748 999999 999999 483 51 999999 999999 999999 999999 999999 999999 999999 999999 999999 123 999999 52 999999 999999 113 130 370 855 999999 69 525 999999 326 999999 999999 815 999999 494 323 999999 999999 547 999999 999999 910 707 999999 668 999999 999999 611 999999 224 0 999999 854 448 999999 65 999999 274 999999 713 375 999999 245 87 835 36 757 767 999999 999999 478 509 525 999999 479 999999 712 999999 111 279 844 999999 193 584 384 100 434 999999 999999
714 999999 999999 999999 680 697 715 999999 999999 999999 223 999999 999999 622 133 191 20 230 999999 348 542 999999 999999 999999 999999 641 999999 999999 339 413 999999 999999 999999 999999 999999 999999 999999 726 999999 103 621 999999 167 660 556 811 747 427 999999 843 460 332 246 448 403 114 410 999999 999999 78 999999 999999 0 999999 431 999999 242 580 999999 342 999999 407 898 999999 620 527 154 999999 489 409 859 634 689 768 999999 143 105 999999 999999 999999 999999 999999 827 999999 497 22 76 453 999999 999999
874 999999 167 999999 999999 419 999999 958 999999 999999 58 999999 999999 999999 799 939 999999 249 999999 999999 717 999999 379 385 999999 130 999999 999999 603 999999 999999 999999 999999 999999 807 999999 953 346 967 707 999999 639 999999 999999 999999 77 999999 999999 668 509 685 999999 526 251 654 999999 172 529 999999 910 999999 818 539 0 220 985 999999 999999 372 563 999999 163 255 999999 904 276 999999 999999 999999 999999 999999 446 999999 68 999999 871 100 999999 184 999999 869 999999 139 999999 574 999999 462 999999 207 782
999999 999999 414 599 686 337 999999 999999 532 331 999999 999999 135 755 807 35 907 757 223 309 33 999999 15 999999 999999 999999 999999 560 999999 999999 757 27 999999 148 36 720 963 281 6 999999 368 999999 999999 999999 999999 395 999999 999999 999999 999999 999999 780 999999 726 527 667 999999 999999 999999 325 470 766 282 757 0 10 999999 999999 999999 193 378 13 999999 769 999999 999999 999999 921 999999 999999 960 908 999999 999999 415 999999 999999 238 322 999999 502 517 999999 513 999999 865 548 404 475 999999
999999 999999 999999 820 318 999999 999999 520 999999 999999 999999 709 999999 999999 508 999999 579 999999 757 999999 999999 255 999999 83 999999 999999 405 999999 939 378 459 999999 999999 999999 999999 484 999999 969 999999 999999 999999 406 999999 573 999999 196 999999 999999 999999 321 401 999999 999999 999999 999999 116 999999 999999 685 35 711 973 173 574 999999 0 999999 819 999999 980 999999 892 749 999999 999999 999999 999999 999999 999999 999999 999999 690 177 999999 113 586 999 377 999999 701 999999 999999 999999 999999 733 669 442 56 999999 253
999999 999999 999999 412 999999 336 999999 999999 999999 502 327 561 999999 550 999999 999999 999999 920 999999 383 999999 999999 999999 999999 775 999999 999999 798 325 999999 999999 999999 85 850 168 875 999999 22 999999 999999 742 953 927 999999 999999 707 999999 999999 999999 466 999999 200 999999 999999 657 319 415 999999 563 999999 999999 999999 999999 999999 507 999999 0 999999 999999 999999 577 999999 999999 376 999999 999999 999999 999999 381 999999 451 999999 410 999999 999999 257 999999 978 999999 122 999999 876 219 999999 999999 999999 999999 999999 999999 999999
21 999999 524 999999 999999 999999 466 999999 999999 999999 583 282 999999 424 999999 999999 999999 999999 999999 999999 96 999999 999999 999999 999999 999999 999999 354 291 13 937 794 900 999999 999999 999999 999999 999999 999999 886 906 484 999999 999999 999 305 577 223 893 999999 999999 999999 197 152 821 999999 514 595 999999 999999 999999 999999 999999 281 999999 999999 894 0 999999 251 481 999999 771 999999 727 999999 776 754 830 419 999999 855 31 999999 310 182 962 999999 999999 542 999999 999999 361 920 454 312 24 999999 72 977
999999 999999 433 845 999999 999999 999999 999999 999999 150 399 999999 810 529 999999 335 602 999999 493 999999 999999 999999 999999 884 999999 999999 700 999999 999999 543 900 689 999999 12 114 357 676 777 999999 558 741 687 89 399 413 945 866 561 575 999999 999999 999999 446 489 999999 999999 999999 999999 999999 41 999999 999999 999999 407 828 999999 581 999999 0 686 999999 113 999999 543 864 156 999999 236 999999 163 999999 197 999999 633 999999 556 999999 999999 565 584 999999 999999 999999 943 621 589 999999 822 999999 999999
999999 999999 999999 851 855 480 999999 999999 405 573 999999 999999 999999 598 999999 999999 788 999999 999999 999999 727 999999 475 138 999999 999999 999999 200 335 999999 495 730 999999 538 487 999999 949 999999 381 999999 999999 999999 945 999999 230 499 827 877 815 252 359 999999 999999 150 883 999999 999999 82 760 374 797 386 344 999999 267 999999 312 889 598 0 999999 999999 939 999999 520 999999 999999 999999 496 999999 999999 824 145 753 999999 999999 109 999999 999999 385 390 999999 918 920 282 216 545 999999 999999 999999
999999 143 999999 999999 661 999999 234 14 783 999999 999999 999999 999999 999999 999999 999999 406 999999 618 999999 999999 999999 485 999999 999999 999999 984 999999 366 431 53 999999 892 999999 737 184 999999 999999 968 612 713 779 999999 89 554 153 999999 999999 994 268 219 999999 391 999999 999999 999999 999999 999999 999999 999999 999999 466 999999 984 999999 779 999999 999999 748 282 0 999999 999999 954 245 86 585 999999 999999 531 999999 861 16 999999 374 999999 999999 999999 249 999999 909 999999 999999 999999 999999 999999 398 999999 999999 182
568 999999 81 999999 999999 999999 125 999999 705 779 999999 918 999999 318 999999 999999 999999 999999 999999 487 87 44 880 999999 999999 999999 999999 999999 999999 999999 999999 250 999999 999999 999999 272 663 910 999999 541 999999 999999 924 999999 554 170 999999 757 999999 613 240 999999 999999 241 999999 999999 545 694 737 910 999999 999999 999999 999999 893 999999 377 639 999999 999999 96 0 327 229 999999 999999 999999 999999 509 999999 999999 999999 53 437 999999 999999 565 966 999999 988 280 999999 361 408 999999 999999 376 164 359 999999
739 364 949 207 470 892 999999 150 999999 999999 12 78 613 921 999999 639 667 999999 999999 230 999999 620 62 999999 999999 476 999999 92 869 999999 999999 999999 527 522 805 999999 999999 660 598 999999 999999 999999 999999 588 127 896 999999 505 999999 340 767 999999 394 95 978 842 666 999999 999999 770 999999 601 999999 97 999999 214 999999 197 999999 999999 999999 803 0 999999 999999 40 999999 999999 473 999999 775 308 438 999999 131 999999 999999 365 246 999999 999999 999999 318 999999 795 999999 408 999999 999999 107
467 622 999999 367 999999 999999 363 363 999999 999999 225 637 149 999999 353 999999 999999 999999 577 581 999999 442 999999 999999 999999 999999 999999 999999 447 186 726 118 923 468 999999 999999 999999 340 999999 999999 999999 813 158 999999 388 999999 999999 217 61 455 835 792 458 999999 999999 933 595 999999 999999 999999 999999 999999 999999 115 999999 595 999999 722 999999 999999 994 999999 312 0 263 999999 999999 999999 757 419 637 417 387 663 481 999999 999999 187 999999 687 999999 999999 127 376 999999 984 328 999999 144 999999
709 999999 999999 707 999999 670 713 999999 999999 999999 999999 828 283 37 683 953 262 362 681 371 767 999999 244 685 506 999999 999999 232 213 999999 998 39 947 934 998 928 810 999999 461 999999 669 999999 414 999999 999999 999999 425 999999 999999 999999 675 999999 999999 999999 475 407 999999 999999 999999 677 999999 50 999999 574 813 999999 412 999999 879 773 999999 138 999999 715 0 102 999999 854 607 999999 975 999999 999999 999999 31 416 534 999999 775 253 971 507 999999 969 297 395 999999 579 351 999999
564 999999 999999 999999 999999 663 999999 305 241 673 999999 66 634 999 999999 999999 999999 999999 999999 273 297 999999 999999 999999 999999 999999 999999 999999 999999 999999 588 999999 260 241 999999 30 846 999999 999999 999999 917 557 46 999999 675 619 239 999999 999999 999999 999999 999999 495 232 999999 999999 501 999999 153 26 483 927 999999 999999 999999 999999 999999 999999 250 886 555 999999 999999 999999 285 0 999999 137 933 247 409 999999 773 152 999999 597 999999 999999 999999 704 273 167 999999 846 280 999999 574 809 332 442
728 999999 999999 156 450 999999 999999 999999 108 999999 177 532 999999 999999 409 999999 999999 999999 18 261 68 999999 999999 999999 999999 548 999999 999999 999999 999999 58 999999 563 484 999999 999999 999999 999999 999999 999999 999999 406 6 999999 999999 176 999999 519 678 999999 999999 999999 957 194 999999 999999 299 999999 251 566 307 999999 107 250 985 999999 999999 999999 810 999999 100 365 399 999999 967 580 0 999999 511 999999 999999 999999 413 999999 999999 999999 782 999999 999999 999999 999999 999 783 999999 744 32 666 999999 973 400
999999 392 999999 174 999999 999999 999999 999999 61 821 760 999999 999999 999999 901 733 153 999999 750 999999 999999 999999 255 999999 999999 999999 999999 999999 938 158 914 971 999999 999999 19 999999 999999 649 999999 882 787 999999 23 26 542 999999 612 999999 999999 999999 999999 585 493 258 999999 999999 999999 999999 999999 385 461 853 769 117 999999 759 999999 999999 999999 513 455 999999 431 999999 999999 999999 999999 0 999999 688 999999 999999 247 999999 318 999999 511 606 999999 999999 802 999999 999999 999999 863 999999 999999 827 636 733
999999 765 140 932 412 688 878 118 999999 999999 999999 467 999999 999999 357 999999 104 627 288 282 422 999999 502 999999 999999 999999 145 711 999999 511 376 127 999999 493 129 102 999999 43 999999 366 999999 999999 724 999999 754 812 999999 63 763 271 517 999999 999999 999999 448 992 931 999999 362 999999 999999 999999 999999 248 696 999999 999999 999999 999999 999999 9 999999 939 999999 999999 999999 279 147 0 999999 49 999999 999999 999999 999999 178 546 307 999999 799 157 999999 999999 999999 19 999999 722 917 529 999999
999999 829 999999 999999 999999 999999 999999 999999 999999 999999 999999 601 999999 999999 999999 999999 999999 999999 666 999999 475 892 820 782 210 574 160 954 909 999999 999999 85 999999 999999 999999 275 999999 354 570 420 999999 999999 999999 550 165 999999 999999 999999 999999 999999 538 123 848 999999 999999 925 999999 999999 999999 891 378 999999 638 354 999999 999999 999999 999999 999999 999999 999999 674 172 96 105 42 999999 999999 999999 0 555 933 443 873 201 775 475 999999 999999 888 740 926 999999 999999 123 486 999999 999999 999999 999999
999999 644 999999 999999 999999 314 959 844 440 514 392 999999 999999 999999 999999 405 39 999999 953 338 329 763 601 61 999999 796 261 159 999999 969 999999 999999 999999 999999 795 995 950 884 944 605 999999 410 189 739 137 999999 407 999999 999999 999999 868 90 997 999999 999999 357 937 857 186 190 999999 973 496 883 391 317 999999 69 328 999999 725 999999 999999 262 999999 999999 999999 999999 999999 999999 0 999999 999999 229 157 999999 442 189 990 999999 999999 929 999999 999999 999999 999999 999999 999999 712 720
73 999999 999999 306 98 999999 99 999999 108 999999 94 999999 473 995 86 614 35 999999 999999 999999 341 999999 999999 999999 999999 333 999999 999999 195 999999 999999 999999 706 723 300 658 357 999999 907 999999 999999 20 627 200 646 725 354 846 354 999999 999999 999999 999999 999999 999999 999999 999999 999999 999999 999999 999999 999999 999999 999999 999999 159 999999 478 69 316 430 999999 572 999999 291 999999 999999 528 999999 878 999999 0 117 999999 999999 999999 999999 966 999999 999999 999999 999999 277 781 999999 70 20 999999 999999 999999
834 999999 999999 596 576 999999 210 975 999999 999999 74 156 999999 999999 999999 999999 735 498 539 999999 838 999999 800 999999 999999 999999 999999 999999 999999 229 999999 362 999999 50 787 999999 999999 614 796 929 901 999999 999999 231 100 110 999999 999999 385 999999 999999 999999 826 363 61 97 999999 999999 999999 999999 999999 999999 734 999999 999999 919 999999 118 24 880 999999 508 71 999999 999999 999999 999999 204 184 999999 999999 341 0 999999 999999 188 770 999999 349 712 999999 999999 999999 999999 999999 415 999999 890 999999 439
999999 999999 999999 90 518 999999 244 811 569 529 999999 407 999999 761 754 336 999999 999999 999999 424 274 933 270 445 598 782 365 308 999999 539 999999 224 581 904 290 999999 999999 999999 999999 280 999999 768 535 465 999999 999999 999999 999999 999999 999999 999999 299 109 999999 999999 948 999999 139 628 729 815 999999 999999 999999 282 334 999999 48 534 999999 999999 999999 511 999999 806 999999 100 999999 999999 999999 999999 468 999999 0 999999 806 636 55 103 999999 634 999999 422 656 999999 289 103 999999 88 999999
999999 999999 999999 988 999999 999999 999999 999999 755 999999 855 999999 152 490 999999 702 999999 453 279 587 212 92 763 999999 999999 244 999999 570 999999 999999 999999 999999 782 999999 999999 999999 999999 999999 999999 168 999999 999999 890 728 999999 436 86 370 928 84 946 999999 729 999999 999999 618 634 390 999999 19 13 999999 103 999999 78 108 128 280 289 384 288 791 170 585 365 999999 999999 999999 999999 999999 999999 350 267 260 0 886 206 72 999999 999999 192 951 213 570 999999 999999 526 999999 271 357
999999 999999 999999 999999 695 160 999999 999999 999999 75 999999 999999 999999 930 999999 999999 999999 449 999999 996 37 499 931 523 999999 999999 999999 999999 761 999999 261 999999 999999 218 999999 701 164 952 999999 400 999999 999999 999999 194 999999 868 169 343 740 999999 986 999999 999999 999999 677 999999 999999 999999 791 633 753 21 999999 987 356 999999 228 257 234 999999 999999 999999 305 999999 849 999999 319 805 411 105 999999 89 999999 999999 57 0 176 999999 999999 999999 999999 755 508 999999 446 999999 999999 999999 430 999999
283 999999 999999 999999 251 117 728 999999 215 999999 918 999999 364 999999 112 999999 999999 999999 999999 333 366 412 953 501 999999 999999 319 173 999999 725 999999 999999 999999 250 999999 487 475 999999 963 999999 608 999999 999999 336 35 999999 23 971 929 944 999999 999999 239 179 999999 346 999999 999999 440 999999 58 375 750 999999 751 999999 253 695 999999 757 197 999999 780 863 999999 934 759 999999 999999 720 674 599 999999 199 562 999999 0 999999 999999 845 109 720 999999 975 178 144 180 618 999999 621
999999 999999 999999 999999 999999 114 999999 999999 999999 999999 999999 325 999999 444 750 999999 999999 422 999999 999999 999999 323 999999 999999 244 703 96 413 940 383 999999 999999 999999 693 999999 999999 838 999999 999999 895 523 444 999999 999999 999999 8 194 339 265 999999 795 676 999999 999999 999999 999999 239 999999 999999 999999 52 999999 999999 999999 999999 298 999999 54 946 663 198 999999 926 45 196 565 999999 811 594 999999 427 999999 999999 999999 999999 316 999999 0 999999 493 999999 999999 999999 677 156 999999 999999 999999 970 486
999999 848 999999 356 356 745 164 822 232 999999 999999 999999 999999 585 837 999999 558 940 889 999999 175 999999 919 162 999999 999999 999999 610 999999 397 330 999999 999999 999999 621 497 94 999999 911 999999 999999 999999 999999 153 999999 999999 999999 636 812 700 999999 13 999999 304 183 999999 999999 639 999999 999999 550 999999 112 912 999999 999999 999999 891 9 194 293 999999 999999 999999 238 999999 746 221 583 836 73 939 999999 999999 999999 565 999999 999999 0 441 999999 999999 999999 999999 777 999999 915 999999 214 999999
45 80 209 999999 999999 956 999999 868 999999 332 507 999999 999999 931 313 736 318 599 720 387 170 999999 680 999999 141 494 999999 934 999999 999999 999999 999999 999999 999999 999999 832 182 999999 999999 239 999999 999999 795 187 999999 283 576 999999 999999 816 999999 999999 999999 999999 940 999999 516 999999 5 87 451 999999 999999 999999 472 887 165 999999 999999 999999 999999 543 999999 914 44 120 401 999999 386 999999 399 999999 999999 999999 317 933 877 595 999999 0 840 44 41 999999 999999 999999 862 903 134 999999
999999 84 999999 928 848 999999 999999 588 437 999999 103 999999 999999 999999 999999 712 234 608 999999 509 111 261 999999 771 478 999999 873 999999 999999 999999 999999 999999 699 351 710 999999 596 614 288 504 999999 999999 387 999999 999999 445 63 528 727 207 985 168 703 127 157 427 999999 999999 584 985 133 999999 936 281 599 978 999999 746 999999 24 999999 435 361 999999 999999 999999 63 1 999999 116 999999 999999 741 999999 999999 588 526 999999 999999 999999 0 781 894 999999 860 999999 999999 999 999999 999999
999999 498 203 999999 999999 869 999999 594 999999 508 999999 4 630 984 999999 706 122 191 999999 999999 820 283 850 999999 999999 188 999999 368 999999 999999 999999 542 642 255 999999 999999 433 999999 712 518 760 434 22 999999 999999 999999 999999 589 999999 373 965 999999 535 999999 103 379 999999 321 884 150 999999 561 999999 999999 999999 322 999999 728 584 997 999999 766 999999 999999 440 999999 999999 999999 850 57 126 999999 999999 999999 675 989 999999 480 238 999999 757 0 999999 999999 672 999999 999999 999999 999999 999999
999999 451 151 501 135 421 46 999999 754 999999 999999 818 784 546 277 999999 171 217 680 243 999999 999999 999999 999999 706 999999 999999 999999 282 656 999999 890 999999 961 644 999999 999999 999999 999999 788 999999 999999 999999 165 850 775 999999 243 999999 836 999999 999999 999999 999999 247 199 304 428 758 999999 440 999999 999999 521 999999 750 198 999999 946 999999 999999 999999 999999 999999 110 161 670 999999 945 999999 741 899 381 999999 999999 869 999999 999999 999999 232 999999 400 0 16 826 999999 999999 999999 999999 44
771 310 999999 144 999999 999999 311 160 493 999999 999999 167 848 653 999999 695 999999 506 999999 999999 999999 718 999999 760 999999 429 657 911 429 926 999999 999999 169 999999 767 999999 999999 999999 999999 201 999999 864 95 766 910 999999 384 232 999999 794 384 999999 999999 999999 999999 243 422 101 999999 999999 999999 999999 999999 223 999999 999999 702 999999 999999 505 470 999999 250 999999 669 501 623 999999 133 999999 110 259 999999 999999 999999 898 77 999999 999999 999999 999999 999999 999999 0 999999 999999 894 589 999999 693
999999 447 570 999999 999999 999999 999999 999999 999999 462 197 999999 680 999999 999999 70 401 440 425 950 999999 999999 739 999999 249 999999 999999 999999 999999 999999 695 675 483 571 376 999999 999999 755 125 999999 958 959 999999 937 525 999999 999999 999999 443 999999 619 53 957 113 56 999999 897 217 443 321 999999 999999 195 999999 573 999999 999999 999999 837 999999 999999 874 999999 999999 999999 980 893 999999 999999 999999 232 708 426 970 101 999999 999999 197 631 511 999999 999999 999999 432 0 161 999999 999999 999999 999999
