0 154 23 120 129 136 156 120 134 119 150 44 86 94 152 33 106 150 139 134 131 170 128 158 122 127 200 143 151 153 159 132 127 81 65 146 100 150 117 158 88 151 78 139 163 124 191 91 44 122 82 73 124 158 114 145 205 160 86 110 106 157 149 131 113 123 165 170 69 143 106 126 138 133 125 125 125 156 168 83 133 168 122 199 137 158 168 116 60 81 244 122 122 138 58 86 118 151 175 161 
117 0 140 147 66 129 118 120 113 138 81 133 124 49 68 141 123 113 94 53 86 135 110 139 101 79 179 62 163 114 156 51 95 81 98 101 79 105 67 113 113 106 97 94 115 123 122 110 82 122 120 98 128 113 152 111 160 142 64 62 56 62 146 78 106 116 127 164 131 120 106 112 90 112 12 107 98 106 103 74 152 169 122 146 43 136 99 115 122 119 208 132 72 88 98 111 162 117 127 116 
103 138 0 97 132 113 141 140 111 96 146 103 63 71 129 10 121 157 116 119 108 147 105 135 99 145 177 128 136 173 160 117 104 101 42 123 77 127 94 135 103 128 55 116 181 144 187 68 21 142 59 88 101 135 91 152 182 137 63 128 83 134 169 108 90 100 142 160 89 129 126 103 134 110 102 102 102 133 145 60 153 161 142 176 133 135 164 136 80 58 245 99 99 115 35 74 169 139 192 138 
30 105 53 0 89 131 107 71 97 42 95 6 68 76 84 63 72 101 78 100 113 141 110 104 85 78 163 85 108 104 110 98 109 32 47 109 63 113 51 121 54 113 1 116 114 75 110 14 26 73 64 39 47 135 105 96 167 90 68 61 88 102 100 112 95 105 164 121 20 109 57 108 89 96 92 91 138 90 126 59 99 134 73 180 88 81 113 67 26 63 195 2 90 106 78 52 80 102 126 91 
148 31 171 178 0 160 123 151 144 169 112 154 107 80 99 169 57 144 125 84 117 159 141 170 132 110 210 93 135 143 187 82 29 112 32 132 110 136 98 144 72 137 128 125 146 114 153 141 113 153 103 57 159 144 173 142 191 127 95 93 87 93 177 98 134 144 158 195 138 54 137 143 121 143 43 138 129 137 134 105 153 152 153 166 74 141 130 146 132 106 239 150 77 93 117 70 172 148 158 121 
105 48 128 75 114 0 166 146 144 117 118 81 143 97 116 138 121 138 142 101 134 166 142 100 149 127 227 110 183 138 185 99 93 107 31 149 127 153 115 161 129 154 76 109 163 150 159 89 101 148 139 114 42 128 180 39 208 126 112 110 104 110 175 97 154 164 174 125 95 118 132 122 138 160 60 155 146 83 151 122 84 209 148 104 91 156 136 142 101 138 245 77 120 136 146 99 91 165 175 127 
121 124 126 99 112 154 0 123 123 65 93 54 101 139 76 113 95 90 63 121 55 167 96 118 111 111 189 108 173 91 133 127 67 118 108 135 89 108 77 116 110 127 72 63 146 138 134 37 92 117 97 95 70 82 99 146 181 24 108 94 88 39 178 154 128 138 98 126 106 92 143 141 81 122 115 117 75 116 149 107 57 107 157 194 75 18 111 147 97 129 220 50 115 131 43 107 125 154 158 25 
91 34 114 61 100 163 152 0 130 75 115 16 129 83 102 124 105 30 111 87 120 169 128 135 118 113 193 96 150 92 158 85 105 80 88 135 96 139 84 147 87 140 34 95 149 123 156 47 87 121 125 72 76 114 115 25 194 113 98 96 90 96 148 112 140 150 161 79 68 130 105 146 124 129 46 111 132 69 137 69 132 167 110 180 77 114 133 115 59 124 242 12 106 122 132 85 90 31 151 114 
99 49 67 90 52 178 167 150 0 86 82 96 106 98 117 77 109 46 77 102 119 108 21 121 83 59 161 111 179 75 117 100 81 111 84 12 61 16 49 24 118 17 65 114 95 133 123 78 64 152 102 103 91 133 132 54 71 142 106 42 82 23 141 127 86 61 88 146 99 106 136 99 70 94 61 89 59 88 152 116 163 198 152 195 69 145 100 141 90 101 134 92 121 137 76 91 58 79 107 143 
62 107 85 57 110 188 134 128 58 0 80 63 69 77 135 95 99 104 36 125 114 153 79 62 46 95 124 134 142 100 167 123 87 89 48 70 24 74 12 82 111 75 58 77 131 73 121 71 27 130 65 96 5 96 135 112 129 143 69 78 89 81 146 114 96 106 136 87 77 112 114 109 106 57 108 52 117 51 175 79 156 191 118 182 104 138 98 124 83 64 192 59 88 104 79 62 111 137 143 132 
121 168 144 96 137 135 140 167 133 138 0 102 144 152 130 154 159 83 174 144 189 222 123 159 121 161 199 153 204 197 206 185 162 128 123 145 99 149 87 157 141 119 97 152 53 171 41 110 102 169 140 135 143 171 90 174 173 164 144 144 76 156 196 189 171 181 221 184 116 151 153 184 172 78 180 127 190 126 144 154 193 160 169 217 171 158 18 163 122 139 127 98 163 179 154 148 176 198 65 165 
165 116 188 190 85 239 165 129 195 204 123 0 186 165 184 198 115 159 196 143 196 184 178 119 183 136 221 152 160 157 168 141 114 90 117 191 161 195 159 203 97 196 163 204 172 133 164 176 164 131 182 82 205 223 192 154 250 189 154 119 159 178 158 155 163 173 193 144 78 139 115 176 147 170 128 187 214 198 193 164 142 177 131 223 146 183 141 125 69 164 250 141 135 151 196 95 74 160 184 179 
81 100 75 72 69 153 116 123 77 114 90 78 0 38 81 62 96 123 68 56 60 84 42 72 65 89 143 65 73 110 162 54 78 84 63 89 43 93 31 101 78 94 73 68 125 127 131 86 46 125 84 63 92 87 66 114 148 75 67 72 20 100 152 81 27 37 146 97 76 103 109 40 86 76 112 71 136 70 106 77 155 136 93 149 99 134 108 119 98 83 211 74 75 91 10 76 121 93 137 76 
103 134 108 161 116 210 149 105 162 153 75 84 127 0 58 118 83 101 45 103 37 185 78 175 150 146 224 112 161 123 209 109 55 131 90 133 128 137 119 145 98 138 112 45 128 123 116 125 129 172 167 83 158 64 165 125 192 162 109 129 142 144 199 46 154 164 197 162 146 80 156 167 63 153 98 103 180 158 153 119 179 159 172 114 129 167 93 166 137 132 202 90 103 119 137 96 158 68 140 138 
127 105 144 141 74 222 126 134 123 180 156 147 69 107 0 131 122 164 137 125 129 153 111 141 111 158 189 70 142 179 173 123 94 153 32 135 89 139 77 147 137 121 139 129 194 175 196 152 92 194 127 122 138 148 135 119 175 127 134 141 89 146 211 98 96 106 201 166 145 119 120 109 155 122 117 117 182 116 111 144 160 101 136 166 144 144 173 188 164 129 238 143 80 96 79 135 121 162 206 124 
145 151 168 120 133 103 166 130 141 86 139 126 152 160 128 0 116 160 122 144 162 185 161 148 129 137 207 129 161 163 169 142 162 91 131 153 107 157 95 165 98 157 45 160 173 134 180 58 110 132 148 83 91 179 193 142 211 134 152 120 160 146 159 156 164 174 208 173 79 153 116 177 148 140 136 135 182 134 170 162 143 178 132 207 147 125 157 126 70 147 254 122 136 152 162 96 194 161 185 135 
94 119 117 165 147 206 66 117 131 131 143 97 142 130 128 127 0 114 117 134 121 190 145 157 119 149 187 143 166 86 156 132 133 151 121 136 97 132 85 140 103 141 105 129 124 57 112 103 100 183 138 88 136 148 161 142 195 90 54 132 137 63 166 159 169 177 128 182 139 158 103 182 131 130 93 106 99 124 169 64 123 143 119 227 124 84 89 186 130 49 191 93 20 36 109 101 163 148 136 64 
234 222 136 233 234 249 277 189 230 232 219 199 165 203 246 146 257 0 233 221 225 249 207 237 218 196 290 230 238 189 296 219 240 237 178 242 196 246 184 254 239 247 191 233 232 240 246 204 157 244 161 224 237 252 227 214 301 240 199 179 173 253 263 244 192 202 278 262 225 265 262 205 207 229 234 224 238 223 271 196 289 297 258 312 160 271 237 232 216 194 346 195 235 251 171 176 273 220 244 241 
105 138 63 142 126 176 129 104 163 108 151 49 126 134 150 73 63 134 0 113 171 207 80 168 151 159 226 122 183 125 191 111 82 113 105 161 129 165 117 173 120 166 67 72 187 118 175 80 84 154 122 105 113 66 148 129 220 153 111 142 146 126 181 138 153 163 191 183 101 107 138 166 139 162 125 144 162 156 163 102 165 200 154 178 156 147 152 148 92 112 252 45 83 99 98 107 123 135 199 127 
66 44 89 94 13 173 65 67 62 85 101 83 73 81 112 99 70 82 113 0 118 144 57 88 50 95 128 9 110 100 106 95 42 28 45 48 28 52 16 60 85 53 44 68 106 71 135 57 31 69 69 70 77 87 125 58 107 89 73 78 93 59 96 111 100 80 124 113 78 67 53 113 89 61 56 56 95 55 50 83 99 165 69 179 83 83 112 63 69 68 170 79 19 35 69 83 120 98 118 63 
66 102 71 129 79 173 112 68 125 116 38 57 90 98 21 81 46 64 8 66 0 148 41 138 113 109 187 75 124 86 172 72 18 94 53 96 91 100 82 108 61 101 75 8 91 103 79 88 92 135 130 46 121 27 128 93 155 125 72 92 105 107 162 99 117 127 160 147 109 43 119 130 26 116 61 66 143 121 116 82 142 122 135 139 92 130 56 129 100 95 165 53 66 82 100 59 131 99 103 101 
11 88 34 115 130 147 90 54 118 129 84 55 97 105 142 44 103 84 121 117 121 0 103 124 120 61 146 126 162 87 93 115 138 15 76 130 98 134 86 142 99 135 88 129 97 58 125 101 55 56 93 84 96 148 117 79 189 114 97 44 84 126 83 142 88 98 159 104 3 154 40 101 72 95 76 112 136 123 167 94 144 179 56 210 71 108 102 50 71 92 178 66 73 89 69 97 128 85 109 115 
188 71 211 218 137 200 189 191 184 209 152 204 195 120 139 212 194 184 165 124 157 206 0 210 172 150 250 133 234 185 227 122 166 152 165 172 150 176 138 184 184 177 168 165 186 194 193 181 153 193 191 169 199 184 223 182 155 177 135 133 127 133 217 149 177 187 198 235 202 95 177 183 161 183 83 178 169 177 174 145 223 240 193 217 114 207 170 186 193 190 279 203 143 159 169 182 233 188 198 178 
46 71 69 114 137 153 157 131 151 156 18 90 132 120 139 79 152 101 129 124 121 174 141 0 139 72 139 133 197 38 170 122 124 92 111 153 117 96 105 104 134 137 115 129 71 96 59 128 90 133 128 119 161 148 108 134 191 181 132 101 94 103 160 149 145 141 74 25 80 149 117 158 83 96 83 123 139 144 162 129 179 178 56 209 82 175 36 127 106 127 145 116 111 127 104 132 49 148 83 155 
124 73 91 114 118 182 132 137 120 93 72 72 114 106 130 101 123 70 101 105 109 132 45 112 0 49 78 114 168 99 139 103 127 98 93 36 86 40 74 48 105 41 52 117 85 139 113 65 72 139 110 90 98 136 122 78 95 141 114 32 72 47 162 126 76 85 112 137 86 104 123 89 60 11 85 6 83 113 155 124 150 185 139 148 59 132 90 131 77 109 158 116 86 102 100 103 146 103 97 130 
84 118 107 119 107 156 128 150 80 137 23 89 91 57 115 108 133 106 102 102 94 102 73 63 68 0 146 103 164 101 186 100 109 117 70 81 46 85 34 93 140 86 96 99 76 90 64 109 49 94 87 125 95 106 113 123 140 152 91 29 23 92 113 103 73 83 137 88 105 104 136 86 11 79 130 51 128 73 144 101 185 183 119 171 10 146 41 82 121 86 150 121 105 121 101 102 112 125 88 118 
64 109 87 127 112 189 153 139 60 117 104 108 71 79 137 86 117 106 91 127 116 155 81 86 48 97 0 136 144 124 177 125 89 122 50 72 26 76 14 84 120 77 76 79 133 133 145 89 29 163 67 105 75 98 137 114 131 145 71 80 91 83 148 116 98 108 148 111 110 114 147 111 108 59 110 54 119 53 177 81 174 200 142 70 106 156 122 125 101 66 194 110 107 123 81 82 118 139 145 146 
57 35 80 85 4 164 56 64 53 110 97 80 64 72 103 90 61 94 117 88 109 148 74 79 41 90 119 0 137 117 103 86 33 102 36 65 19 69 7 77 76 70 69 59 126 118 126 82 22 143 60 61 68 78 116 49 124 80 64 73 84 76 141 102 91 71 141 104 90 58 50 104 101 52 47 47 112 46 41 74 90 156 66 170 74 74 103 137 94 59 187 76 10 26 60 74 111 95 138 54 
39 84 62 102 87 164 90 54 35 116 79 70 46 54 112 72 103 81 99 90 91 130 56 61 23 61 101 99 0 87 93 88 87 15 25 47 1 51 77 59 95 52 75 99 97 58 120 88 4 56 42 80 50 118 112 79 106 114 46 44 66 58 83 91 73 83 123 86 3 112 40 86 72 34 76 29 94 116 140 56 147 175 56 159 71 108 97 50 99 41 169 66 73 89 56 57 93 85 109 115 
136 33 159 179 99 162 119 118 132 171 114 134 143 82 101 169 114 146 127 86 119 168 143 158 120 112 101 95 192 0 157 84 86 114 122 134 98 138 86 146 129 139 130 127 148 58 151 143 101 155 139 114 147 146 181 143 193 143 97 95 89 95 179 111 139 149 160 183 144 111 104 145 123 131 45 126 131 125 136 107 176 202 120 171 76 137 128 148 155 138 192 130 73 89 131 127 190 149 160 117 
135 135 139 162 179 116 224 222 131 178 95 161 142 150 203 149 179 115 149 188 187 180 145 157 119 166 197 175 215 147 0 186 151 183 121 143 97 88 173 96 190 148 137 184 148 205 136 150 100 224 138 175 120 178 185 126 202 214 142 149 162 95 238 180 169 133 66 182 171 176 208 182 83 130 147 123 131 170 216 152 200 255 213 220 176 217 113 218 162 137 222 164 178 194 130 153 189 151 160 190 
68 46 91 96 15 175 67 69 64 87 85 85 75 83 114 101 72 84 115 2 120 146 59 90 52 88 130 11 112 102 108 0 44 30 47 50 30 54 18 62 62 55 46 70 108 73 126 59 33 71 71 47 79 89 127 60 109 91 13 80 53 61 98 27 102 82 126 115 80 69 55 115 91 63 58 58 97 57 52 23 101 142 71 95 85 85 103 65 71 70 172 81 21 37 71 60 122 100 120 65 
122 133 145 183 102 234 94 145 141 159 159 125 152 158 156 155 28 142 145 89 149 130 146 163 129 167 207 98 106 114 184 87 0 117 131 137 107 141 105 149 43 142 133 157 152 85 140 131 110 158 148 28 156 175 189 147 196 107 82 150 140 91 185 101 179 169 156 188 109 25 131 192 159 140 121 134 127 144 139 92 124 123 147 169 152 112 117 152 103 77 219 121 48 64 137 41 143 176 164 92 
110 73 133 100 115 149 75 39 117 114 73 55 128 98 141 126 88 69 132 102 124 148 106 143 105 93 131 111 153 72 78 100 124 0 107 129 83 133 71 141 126 134 73 114 126 43 114 86 86 41 124 111 115 133 102 64 188 99 113 76 87 111 68 127 91 101 144 89 65 149 25 104 61 80 61 101 147 108 152 108 132 172 41 195 92 93 91 35 98 123 163 51 58 74 118 90 113 70 138 100 
184 187 191 214 164 259 156 203 203 184 124 125 214 220 199 201 90 198 201 151 211 192 208 225 191 196 269 160 168 172 241 149 62 179 0 199 169 140 167 148 105 204 143 219 177 143 165 156 172 220 210 90 189 237 214 178 238 95 144 212 200 147 247 66 213 185 169 182 171 87 189 226 207 202 183 196 183 206 201 154 186 185 205 134 206 174 142 189 165 139 251 121 110 126 199 103 196 203 189 96 
88 37 55 78 103 166 155 138 84 74 70 84 95 86 105 65 124 34 65 90 107 96 9 110 72 47 150 99 168 63 105 88 113 99 74 0 50 4 38 12 106 5 53 103 83 121 111 66 53 140 91 91 79 122 120 42 59 130 95 30 70 11 129 115 74 49 76 135 87 104 124 87 58 83 49 78 47 77 140 105 151 186 140 183 57 133 88 129 78 90 122 80 109 125 64 79 111 67 95 131 
38 83 61 101 86 174 127 158 34 115 78 82 45 53 111 71 112 80 98 101 90 129 55 60 22 71 100 110 118 98 151 99 86 119 24 46 0 50 76 58 94 51 74 98 107 156 119 87 3 160 41 79 49 117 111 88 105 119 45 54 65 57 157 90 72 82 122 85 107 111 144 85 82 33 84 28 93 115 151 55 171 174 116 158 80 145 96 152 98 40 168 84 81 97 55 56 92 113 119 120 
94 47 51 74 113 164 165 134 90 90 120 80 101 96 115 61 120 58 61 100 111 92 111 116 78 97 156 109 165 59 101 98 118 95 80 102 56 0 99 8 102 107 49 108 133 117 161 62 59 136 97 87 80 127 142 38 161 126 101 80 103 7 150 125 124 45 72 141 83 143 120 137 108 89 59 84 43 82 150 111 147 182 136 193 90 129 138 130 74 96 224 76 119 135 86 75 107 63 145 127 
50 95 73 113 98 186 139 125 46 103 90 94 57 65 123 83 103 92 110 113 102 141 67 72 34 83 112 122 130 110 163 111 75 108 36 58 12 62 0 70 106 63 62 65 119 151 131 75 15 149 53 91 61 84 123 100 117 131 57 66 77 69 134 102 84 94 134 97 96 100 133 97 94 45 96 40 105 39 163 67 160 186 128 170 92 142 108 143 87 52 180 96 93 109 67 68 104 125 131 132 
154 166 170 124 188 255 213 169 209 166 192 130 192 199 208 180 147 177 180 175 230 211 142 228 197 169 206 184 225 178 220 173 119 156 171 221 175 119 175 0 162 226 125 109 238 199 233 138 150 197 188 147 72 128 229 157 280 214 173 185 192 126 224 200 219 164 97 245 144 144 181 232 180 208 162 203 162 201 225 183 223 242 197 240 179 205 210 191 150 187 319 126 167 183 202 126 204 55 250 202 
98 90 121 140 59 219 84 113 108 131 116 115 119 127 146 131 18 128 135 46 139 87 103 134 96 132 174 55 156 104 152 44 88 74 91 94 74 98 62 106 0 99 90 114 142 75 130 103 77 115 115 91 123 133 154 104 153 108 57 124 97 81 142 58 146 126 146 159 90 113 99 158 135 107 102 102 117 101 96 67 141 161 115 126 129 102 107 109 115 67 209 111 38 54 115 104 166 144 154 82 
83 75 69 121 111 182 163 158 79 136 65 127 90 98 123 79 128 108 102 98 102 126 4 105 67 42 145 107 163 143 196 96 108 126 69 91 45 95 33 103 139 0 95 98 78 132 106 108 48 136 86 124 94 117 115 133 54 164 90 25 65 102 155 123 69 79 167 130 129 99 151 82 53 78 87 73 138 72 148 100 193 185 135 191 52 175 83 124 120 85 117 123 117 133 100 101 137 97 90 160 
100 119 123 75 88 130 121 85 96 41 94 81 107 115 83 133 71 115 77 99 117 140 116 103 84 92 162 84 116 118 124 97 117 46 86 108 62 112 50 120 53 112 0 115 128 89 135 13 65 87 103 38 46 134 148 110 166 89 107 75 115 101 114 111 119 129 163 128 34 108 71 132 103 95 91 90 137 89 125 117 98 133 87 179 102 80 112 81 25 102 209 77 91 107 117 51 152 116 140 90 
58 94 81 121 79 194 104 60 128 135 104 76 131 90 148 91 38 90 135 66 127 140 33 154 116 120 179 75 116 78 172 64 10 94 111 114 94 118 82 126 53 119 94 0 156 95 145 107 97 135 127 38 136 19 151 85 173 117 64 103 97 101 162 91 147 146 166 139 119 35 119 160 92 127 53 116 137 121 116 74 134 133 135 131 84 122 122 129 113 87 229 72 58 74 95 51 150 91 168 93 
68 135 91 43 104 174 87 114 140 85 127 49 111 119 127 101 106 30 121 91 142 169 70 109 128 108 206 100 151 147 153 132 133 75 90 139 106 134 94 142 88 66 44 150 0 118 153 57 69 116 107 82 90 169 37 139 120 111 111 91 131 126 143 146 135 145 183 134 63 116 100 148 119 139 135 134 162 133 91 102 140 107 116 214 118 105 145 110 69 106 183 45 110 126 110 95 123 145 12 112 
78 62 101 121 126 187 61 60 74 126 118 76 85 93 130 111 131 90 124 115 116 169 95 100 62 111 130 124 158 29 99 113 103 98 64 86 40 90 28 98 134 91 90 93 105 0 93 98 43 139 81 119 89 112 123 85 145 85 85 94 105 97 162 130 112 122 159 125 86 126 46 125 122 73 74 68 133 67 164 95 118 168 62 198 105 79 70 133 115 80 134 72 15 31 95 96 132 91 117 59 
187 127 171 194 96 183 219 159 164 167 208 175 203 176 195 181 153 178 181 180 213 212 162 229 198 206 276 189 231 179 221 178 125 172 122 176 176 120 176 128 168 181 126 129 242 210 0 139 179 213 199 153 172 148 262 158 235 215 181 189 183 127 240 188 230 165 192 238 160 150 197 239 217 209 139 204 163 103 230 191 224 248 213 256 170 206 226 207 151 202 298 171 173 189 206 166 222 183 254 216 
90 106 113 62 75 117 127 132 86 28 81 68 97 105 70 123 121 132 64 119 142 181 103 90 74 123 152 71 170 128 171 117 104 93 76 98 52 102 40 110 103 99 63 105 134 101 122 0 55 134 93 94 33 124 163 120 153 76 97 106 117 109 161 142 124 134 150 115 81 129 118 137 134 85 78 80 145 79 112 107 161 171 134 210 109 143 99 128 88 92 208 64 81 97 107 90 139 163 146 77 
82 117 105 114 111 195 124 155 119 134 125 85 42 50 108 104 109 151 95 98 87 126 84 114 107 131 185 107 115 152 204 96 83 126 21 124 85 128 73 136 91 129 103 95 167 164 166 116 0 167 38 76 128 114 108 156 183 116 42 114 62 131 154 87 69 79 188 139 118 108 151 82 113 118 81 94 167 112 148 52 181 171 135 155 112 142 143 161 128 37 246 81 78 94 52 53 159 118 171 117 
106 123 129 131 92 188 34 146 102 99 75 88 113 109 104 85 129 118 91 79 83 107 65 115 90 52 168 88 112 125 167 77 101 107 86 114 68 118 56 126 139 119 106 91 88 142 116 71 71 0 109 124 104 110 125 137 173 58 90 35 75 73 165 104 50 60 132 140 110 126 132 63 63 101 135 96 109 95 129 100 91 141 116 172 62 52 93 134 131 108 122 84 98 114 77 124 159 116 100 59 
85 104 79 76 73 157 120 127 81 118 94 82 4 42 85 66 100 127 72 60 64 88 46 76 69 93 147 69 77 114 166 58 82 88 67 93 47 97 35 105 82 98 77 72 129 131 135 90 50 129 0 67 90 91 70 118 152 79 71 76 24 104 156 85 31 41 150 101 80 107 113 44 90 80 116 75 140 74 110 81 159 140 97 153 103 138 112 123 102 87 215 78 79 95 14 15 125 97 141 80 
113 105 136 155 74 234 99 128 113 146 131 130 124 132 161 146 33 143 150 61 154 102 118 139 101 139 179 70 78 119 167 59 103 89 103 109 79 113 77 121 15 114 105 129 157 90 145 118 82 130 120 0 128 148 169 119 168 123 72 122 112 96 157 73 151 141 161 164 81 70 114 164 150 112 117 107 132 116 111 82 148 95 130 141 144 117 122 124 75 82 224 126 53 69 130 13 115 159 169 97 
82 157 105 52 141 183 159 123 149 94 147 58 120 128 136 115 124 153 130 152 165 193 162 156 137 130 215 137 160 156 162 150 161 84 99 161 115 165 103 173 106 165 53 168 166 127 162 66 78 125 116 91 0 187 157 148 219 142 120 113 140 154 152 164 147 157 216 173 72 161 109 160 141 148 144 143 190 142 178 111 151 186 125 232 140 133 165 119 78 115 247 54 142 158 130 57 132 154 178 143 
39 85 62 127 60 175 110 66 109 132 85 82 120 96 153 72 44 96 141 47 133 146 14 135 97 126 160 56 122 59 153 45 16 75 92 95 75 99 63 107 59 100 91 6 138 101 126 104 78 116 116 44 124 0 153 91 154 123 45 109 98 106 143 72 147 127 171 145 108 41 100 160 73 108 59 97 142 102 97 55 140 139 116 112 90 128 103 110 99 93 212 78 64 80 97 57 156 97 150 99 
31 111 54 6 95 137 50 77 103 48 101 12 74 82 90 64 70 107 84 98 105 139 94 110 91 84 169 91 114 110 116 96 115 38 53 115 69 97 57 105 52 90 7 113 120 81 116 20 32 79 70 45 53 132 0 102 144 74 74 67 94 89 106 110 101 111 148 127 26 115 63 114 95 102 98 97 125 96 54 65 103 70 79 178 94 68 108 73 32 69 201 8 90 106 73 58 86 108 132 75 
66 9 89 36 75 138 127 107 105 78 90 42 104 58 77 99 108 99 103 62 95 144 103 140 110 88 188 71 144 123 146 60 80 68 63 110 88 114 76 122 90 115 37 70 124 111 131 50 62 109 100 75 51 89 141 0 169 88 73 71 65 71 136 87 115 125 136 157 56 105 93 121 99 121 21 116 107 44 112 83 135 170 109 155 52 117 108 103 62 99 217 38 81 97 107 88 116 126 136 89 
146 113 132 140 112 242 140 166 142 182 128 146 153 161 181 142 74 171 165 99 165 189 67 168 130 105 208 108 209 160 205 97 141 127 132 147 108 151 96 159 159 63 141 161 141 131 169 154 111 168 149 144 155 180 178 104 0 164 110 88 128 137 195 124 132 142 202 193 160 162 152 145 116 117 125 136 173 135 149 120 197 217 168 192 115 158 146 162 166 123 180 142 94 110 163 157 200 160 153 138 
115 143 138 123 115 178 169 133 144 89 142 30 143 163 131 148 119 154 125 147 151 175 133 149 132 140 210 132 164 155 172 145 144 94 134 155 110 96 98 104 101 160 48 159 176 137 183 61 113 135 151 86 94 178 129 134 214 0 84 123 163 103 162 159 118 128 74 174 82 156 119 131 151 143 139 125 139 137 173 83 146 181 135 227 150 128 160 129 73 150 257 26 139 155 153 99 101 159 188 1 
127 119 137 149 108 228 133 162 123 92 118 118 134 142 176 147 67 116 128 95 155 136 91 149 111 95 170 104 112 145 187 93 137 123 113 82 89 86 104 94 49 87 98 163 131 124 159 111 92 164 130 34 97 182 168 124 141 157 0 78 118 93 112 107 122 131 158 174 115 104 148 135 106 106 115 52 129 143 145 10 182 129 164 175 105 151 136 158 109 116 204 151 87 103 133 47 149 149 143 131 
100 117 123 96 86 173 138 140 96 138 40 102 107 74 98 79 123 83 77 73 77 101 59 80 84 17 162 82 180 118 179 71 95 101 80 98 62 102 50 110 133 103 97 85 53 107 81 110 65 111 103 118 111 104 90 131 157 162 84 0 40 109 130 98 44 54 154 105 104 120 126 57 28 95 129 68 145 89 123 94 172 160 110 166 27 156 58 99 122 102 167 98 92 108 117 118 129 110 65 135 
61 106 84 124 109 133 150 136 57 114 101 105 68 76 134 94 114 103 121 124 113 152 78 83 45 94 123 133 141 121 174 122 86 119 47 69 23 73 11 81 117 74 73 76 130 162 142 86 26 160 64 102 72 95 134 111 128 142 68 77 0 80 145 113 95 105 145 108 107 111 144 108 105 56 107 51 116 50 174 78 171 197 139 181 103 153 119 154 98 63 191 107 104 120 78 79 115 136 142 143 
142 85 117 117 127 172 163 127 138 83 136 103 149 124 125 127 113 51 54 128 104 161 134 145 126 134 153 123 158 52 94 126 113 88 128 150 104 69 92 77 95 154 42 112 170 110 177 55 107 129 145 80 88 120 190 107 208 131 116 117 131 0 143 153 161 114 65 170 76 138 113 174 130 137 87 132 36 131 164 126 140 175 129 221 118 122 154 123 67 111 244 99 125 141 152 68 100 132 182 132 
114 123 137 150 164 222 86 137 151 151 118 117 162 150 133 147 20 134 137 151 141 179 137 158 139 95 207 160 186 106 176 149 153 171 141 156 117 152 105 103 123 161 125 149 131 77 128 123 120 189 158 108 156 168 168 114 215 110 74 78 118 83 0 176 122 132 148 183 159 178 123 135 106 150 113 126 119 144 189 84 143 163 139 244 105 104 105 177 150 69 211 113 40 56 129 22 76 158 143 84 
137 139 160 154 195 193 138 137 151 196 58 153 162 170 188 170 208 141 186 192 193 207 172 177 139 130 207 201 235 106 176 190 180 175 141 163 117 167 105 175 199 168 155 170 111 77 99 168 120 216 158 184 166 189 148 162 172 162 162 159 134 174 239 0 189 199 236 116 163 203 123 163 141 136 151 145 168 144 202 172 195 218 139 68 140 156 76 123 171 157 185 149 92 108 172 173 140 168 123 136 
56 73 79 119 42 138 94 96 52 109 71 90 63 71 54 35 79 97 41 29 33 57 15 78 40 62 118 38 136 116 135 27 51 57 36 64 18 68 6 76 89 69 68 41 98 100 112 81 21 98 59 74 67 60 127 87 123 118 40 45 80 75 125 54 0 10 140 103 60 76 82 13 59 51 85 46 111 45 79 50 128 155 66 122 72 112 89 92 93 58 186 86 48 64 73 74 110 66 110 92 
129 125 152 131 121 208 173 175 131 173 75 137 142 109 133 114 158 118 112 108 112 136 94 83 119 52 197 117 215 121 214 106 130 136 115 133 97 137 85 145 168 138 132 120 88 142 116 145 100 146 138 153 146 139 125 116 192 197 119 35 75 144 165 133 79 0 157 108 139 155 161 92 63 130 137 103 180 124 158 129 207 195 139 201 62 191 93 134 157 137 202 133 127 143 152 153 132 56 100 170 
116 69 73 96 135 186 179 156 112 112 142 102 123 118 137 83 113 80 83 122 133 114 133 138 100 119 178 131 187 81 123 120 85 117 102 124 78 22 121 30 124 129 71 130 155 139 183 84 81 158 119 109 102 149 164 60 183 148 123 102 125 29 172 147 146 67 0 163 105 110 142 159 130 111 81 106 65 104 172 133 169 204 158 215 112 151 160 152 96 118 246 98 133 149 108 97 129 85 167 149 
21 46 44 98 112 157 132 106 145 140 105 65 107 95 114 54 127 136 104 99 96 181 137 171 133 113 114 108 172 13 145 97 99 67 86 147 111 151 99 159 109 152 99 104 131 71 146 112 65 108 103 94 145 123 92 128 206 156 107 96 102 108 135 124 134 144 173 0 55 124 92 147 102 144 58 139 144 138 146 104 154 162 31 184 89 150 123 102 81 102 205 100 86 102 79 107 24 137 72 130 
122 85 145 112 127 161 87 51 129 126 81 67 140 110 139 120 100 81 118 114 118 142 100 121 117 58 143 123 165 84 90 112 136 12 114 139 95 143 83 151 138 144 85 126 94 55 122 98 98 53 136 123 127 145 114 76 198 111 125 41 81 123 80 139 85 95 156 101 0 161 37 98 69 92 73 109 159 120 164 120 144 184 53 207 68 105 99 47 110 135 175 63 70 86 130 102 125 82 106 112 
184 209 207 187 197 226 231 215 224 171 156 112 225 243 213 217 194 174 207 197 233 257 164 138 212 210 277 200 246 176 254 195 166 176 214 236 190 178 178 186 183 210 130 156 144 219 132 143 193 217 231 168 176 150 181 216 264 82 166 205 167 185 244 222 200 210 156 163 164 0 201 213 216 223 209 207 221 217 235 165 228 251 145 262 220 210 109 211 155 230 218 108 210 226 235 181 183 241 156 83 
105 48 128 75 114 169 127 14 144 89 90 30 143 97 116 138 119 44 125 101 134 182 122 149 132 98 183 110 164 106 53 99 99 52 102 116 110 120 98 128 101 121 48 89 116 95 131 61 101 93 139 86 90 108 77 39 175 127 112 81 104 110 120 126 125 135 119 93 40 124 0 138 87 132 60 86 146 83 131 83 146 147 16 194 91 128 108 87 73 138 215 26 110 126 146 99 104 45 128 128 
55 132 78 120 166 191 125 98 162 162 125 99 141 149 108 88 133 128 95 153 87 44 128 168 164 105 190 162 206 131 137 159 105 59 120 174 142 178 130 186 143 179 121 95 141 102 166 134 99 100 137 128 140 114 114 123 233 149 141 88 128 164 127 186 132 142 203 148 47 130 84 0 113 139 120 153 180 167 168 138 182 184 53 226 115 143 143 94 115 136 222 110 117 133 113 141 172 129 153 150 
133 107 125 108 96 147 148 150 145 127 12 78 156 140 142 135 139 95 135 139 143 166 62 146 133 83 211 92 202 133 175 137 111 132 128 70 111 74 99 82 139 75 86 101 65 173 53 99 114 173 152 124 132 95 102 112 129 172 140 66 88 81 196 97 110 119 146 171 120 136 142 123 0 90 119 40 117 138 133 150 182 172 158 165 93 166 30 165 111 151 139 110 102 118 134 137 152 137 77 107 
143 164 166 175 133 256 173 187 180 195 173 146 103 111 169 165 170 202 156 120 148 187 145 175 168 192 246 129 176 186 226 118 144 148 82 168 146 172 134 180 152 173 158 156 226 191 214 171 61 189 99 137 189 175 169 178 227 177 103 175 123 179 215 115 130 140 244 200 179 169 173 143 174 0 142 155 215 173 170 113 219 232 189 183 173 191 191 183 183 98 290 142 127 143 113 114 220 179 144 171 
105 85 128 135 54 177 106 108 101 126 90 121 112 37 95 129 111 101 82 41 74 123 98 127 89 67 167 50 151 102 144 39 83 69 86 89 67 93 55 101 101 94 85 82 103 111 117 98 70 110 108 86 116 101 140 99 148 130 52 50 44 50 134 66 94 104 115 152 119 108 94 107 78 100 0 95 86 94 91 62 140 181 110 134 31 124 108 103 110 107 211 120 60 76 110 99 150 105 115 104 
118 67 85 108 112 176 164 131 114 87 66 66 125 100 124 95 117 64 95 99 103 126 39 106 102 43 180 108 162 93 135 97 121 92 104 30 80 34 68 42 99 35 46 111 79 133 107 59 83 133 121 84 92 130 116 72 89 135 110 26 66 41 156 124 70 79 106 131 80 134 117 83 54 113 79 0 77 107 149 120 144 179 133 152 53 126 84 125 71 120 152 110 118 134 94 97 140 97 91 136 
106 125 81 81 94 136 127 91 102 47 100 67 113 121 89 91 77 121 18 105 68 146 98 109 90 98 168 90 122 124 58 103 86 52 92 114 68 118 56 126 59 118 6 76 134 95 141 19 71 93 109 44 52 84 154 116 172 95 113 81 121 107 107 117 125 135 124 134 40 111 77 138 94 101 97 96 0 95 131 120 104 139 93 185 108 86 118 87 31 108 215 63 97 113 116 32 141 122 146 96 
84 110 107 98 105 153 130 86 61 64 117 102 130 116 106 117 64 107 100 92 140 163 59 126 107 115 185 101 139 104 147 90 36 69 19 73 85 77 73 85 76 78 23 26 151 112 158 36 88 110 126 61 69 45 171 111 132 112 90 98 123 84 137 85 142 122 149 151 57 61 94 155 118 118 79 113 120 0 142 100 121 156 110 153 110 103 135 104 48 113 195 98 84 100 121 74 119 117 163 113 
106 57 94 81 123 178 125 23 133 91 99 39 144 106 125 89 88 53 104 110 143 135 111 110 121 107 145 119 150 102 62 108 108 61 111 102 99 43 103 51 87 107 57 98 125 104 140 63 102 102 140 72 96 117 75 48 161 136 121 90 113 50 129 135 134 88 115 102 49 133 9 147 96 132 69 95 86 92 0 92 49 145 25 203 100 137 117 96 82 137 157 35 108 124 19 85 113 54 137 137 
153 109 127 150 100 218 152 154 149 129 108 108 160 142 166 137 156 106 137 87 145 168 81 148 137 85 160 96 197 135 177 85 129 115 132 72 115 76 103 84 138 77 88 153 121 158 149 101 118 156 156 123 134 172 158 114 131 176 98 68 108 83 183 112 112 121 148 173 122 154 140 125 96 96 105 42 119 142 137 0 186 218 156 180 95 168 126 150 113 155 194 152 106 122 123 136 182 139 133 150 
90 115 113 167 163 214 105 156 170 170 79 134 176 164 167 123 39 153 156 151 160 192 184 61 158 133 183 159 168 82 195 149 168 136 155 175 136 157 124 165 105 180 144 168 132 96 120 142 134 177 172 90 175 187 161 181 234 129 93 162 155 102 204 163 203 202 135 69 124 160 142 216 144 157 127 145 138 163 200 103 0 182 100 229 143 123 97 171 150 88 206 132 59 75 148 103 93 187 141 103 
73 95 89 141 98 202 99 120 99 156 85 117 110 118 86 99 35 128 122 118 122 146 24 125 87 62 165 127 183 121 159 116 127 81 89 111 65 115 53 123 138 20 115 118 98 92 126 128 68 122 106 123 114 137 135 145 74 123 89 45 85 98 149 143 89 99 163 150 69 119 106 102 73 98 107 93 134 92 168 99 156 0 117 211 72 117 103 116 133 84 137 128 55 71 120 70 20 117 110 99 
92 106 115 67 151 185 111 75 153 109 74 73 135 134 151 125 124 105 142 138 142 166 124 145 141 82 167 147 175 108 114 136 160 36 114 141 119 145 107 153 113 146 68 150 100 79 115 81 93 77 131 106 114 166 61 97 200 135 135 65 105 147 104 163 109 119 180 118 24 176 61 122 71 116 97 111 183 141 115 126 164 131 0 231 92 129 92 71 93 130 199 69 94 110 134 119 142 106 112 136 
69 94 92 90 160 169 124 123 137 132 153 96 148 143 162 102 149 153 118 147 144 218 158 163 125 161 151 156 194 61 158 145 147 115 127 149 103 153 91 161 131 154 91 152 168 63 156 104 106 156 144 116 109 171 140 148 208 139 148 144 107 156 183 172 175 185 213 48 103 172 109 188 150 100 106 131 100 130 194 149 176 210 79 0 137 142 133 55 103 143 197 92 78 94 127 129 72 154 88 122 
74 119 97 115 105 146 118 140 70 127 59 118 81 89 117 98 123 102 96 92 96 92 78 96 58 36 136 101 154 109 179 90 99 107 60 82 36 86 24 94 130 87 86 89 72 80 86 99 39 84 77 115 85 108 109 124 141 142 81 19 13 93 103 117 63 73 128 121 95 124 126 76 47 69 120 64 129 63 142 91 175 179 129 185 0 136 77 72 111 76 186 117 95 111 91 92 128 129 84 139 
103 106 108 132 116 160 149 105 127 75 75 94 127 135 58 118 83 72 45 103 37 149 78 137 115 93 174 112 161 73 115 109 55 109 90 133 93 90 81 98 98 109 63 45 128 131 116 76 96 141 134 83 80 64 165 128 163 152 109 76 70 21 160 136 120 130 86 162 97 80 134 133 63 126 98 103 57 120 153 105 161 89 150 176 57 0 93 129 88 132 202 90 103 119 137 89 109 136 140 138 
103 150 126 78 119 117 122 149 115 120 159 84 126 134 112 136 141 65 156 126 171 204 105 141 103 143 181 135 186 179 188 167 144 110 105 127 81 131 69 139 123 101 79 134 35 153 23 92 84 151 122 117 125 153 72 156 155 146 126 126 58 138 178 171 153 163 203 166 98 133 135 166 154 114 162 109 172 108 126 136 175 142 151 199 153 140 0 145 104 121 109 80 145 161 136 130 158 180 47 147 
75 70 98 129 134 114 69 68 82 134 126 84 93 101 138 108 139 98 132 123 124 177 103 108 70 119 96 132 166 37 107 121 111 106 72 94 48 98 36 106 142 99 98 101 113 8 101 106 51 147 89 127 97 120 131 93 153 93 93 102 52 105 170 138 120 130 167 54 94 134 54 133 130 45 82 76 141 75 172 103 126 176 70 166 113 87 78 0 123 88 142 80 23 39 103 104 78 99 125 67 
126 94 149 121 87 170 96 60 126 135 90 76 137 119 148 129 46 90 127 74 127 115 109 130 114 67 152 83 91 93 99 72 116 21 116 122 92 126 90 134 28 127 94 135 103 64 131 107 95 62 133 13 136 154 123 85 181 120 85 50 90 109 89 86 94 104 165 110 9 83 46 107 78 101 82 118 145 129 124 95 73 108 62 154 77 114 108 56 0 95 184 72 66 82 139 26 128 91 115 110 
45 80 68 141 98 181 87 151 128 97 123 48 131 81 139 78 72 121 126 85 118 141 96 154 116 100 175 94 117 146 188 83 127 112 110 87 94 91 99 99 54 92 66 126 136 129 157 79 89 153 127 39 102 145 147 129 146 111 5 83 88 94 117 110 127 136 159 179 100 109 137 140 111 111 44 57 130 138 135 15 144 134 153 178 75 105 134 147 91 0 209 44 41 57 103 52 122 149 134 85 
85 84 108 99 106 154 131 87 62 65 103 103 131 117 107 118 65 108 81 93 111 164 60 127 108 116 186 102 140 105 121 91 37 70 20 74 86 78 74 86 77 79 24 27 152 113 63 37 89 111 127 62 70 46 157 112 133 106 91 99 124 85 138 86 143 123 150 152 58 24 95 156 119 119 80 114 63 1 143 101 122 157 111 154 111 104 121 105 49 114 0 99 85 101 122 75 120 118 164 107 
122 120 145 97 89 152 143 107 118 63 116 4 129 137 105 155 93 137 99 121 139 162 138 123 106 114 184 106 138 140 146 119 118 68 108 129 84 133 72 141 75 134 22 137 150 111 157 35 87 109 125 60 68 156 103 132 188 111 129 97 137 123 136 133 141 151 185 148 56 130 93 154 125 117 113 99 159 111 147 57 120 155 109 201 124 102 134 103 47 124 231 0 113 129 139 73 78 138 162 112 
167 166 151 145 135 200 46 169 169 111 139 100 147 147 122 159 141 136 109 151 101 213 142 164 157 157 235 154 219 137 179 149 113 157 154 181 135 154 123 162 156 173 111 109 128 184 116 83 138 163 143 141 116 128 145 192 227 70 154 140 134 85 224 176 174 184 144 172 145 138 158 187 127 168 110 161 121 162 149 153 103 153 174 240 121 64 93 192 136 175 202 96 0 16 89 153 171 200 140 44 
174 190 197 144 183 194 199 156 191 136 189 131 202 210 178 207 149 142 172 194 212 235 182 171 179 187 257 179 211 192 195 192 169 141 181 203 157 176 145 184 148 178 95 210 112 184 100 108 160 182 198 133 141 229 149 181 232 101 185 170 135 183 209 206 214 221 175 179 129 194 142 227 198 190 186 185 219 184 133 184 110 219 158 274 197 175 77 176 120 197 186 127 169 0 152 146 202 187 124 102 
87 158 110 62 127 173 106 133 159 104 157 68 130 138 146 70 86 163 140 114 161 155 127 166 147 137 225 123 131 166 172 112 129 94 109 162 125 153 113 161 68 146 63 119 173 137 172 76 88 135 126 53 109 113 56 158 200 130 125 120 114 145 162 126 157 167 204 183 82 123 119 170 148 158 154 153 181 152 110 121 159 126 135 194 101 124 164 129 88 125 257 64 106 122 0 66 142 164 185 131 
999999 999999 999999 999999 999999 999999 999999 999999 999999 999999 999999 999999 999999 999999 999999 999999 999999 999999 999999 999999 999999 999999 999999 999999 999999 999999 999999 999999 999999 999999 999999 999999 999999 999999 999999 999999 999999 999999 999999 999999 999999 999999 999999 999999 999999 999999 999999 999999 999999 999999 999999 999999 999999 999999 999999 999999 999999 999999 999999 999999 999999 999999 999999 999999 999999 999999 999999 999999 999999 999999 999999 999999 999999 999999 999999 999999 999999 999999 999999 999999 999999 999999 999999 999999 999999 999999 999999 999999 999999 999999 999999 999999 999999 999999 999999 0 999999 999999 999999 999999 
999999 999999 999999 999999 999999 999999 999999 999999 999999 999999 999999 999999 999999 999999 999999 999999 999999 999999 999999 999999 999999 999999 999999 999999 999999 999999 999999 999999 999999 999999 999999 999999 999999 999999 999999 999999 999999 999999 999999 999999 999999 999999 999999 999999 999999 999999 999999 999999 999999 999999 999999 999999 999999 999999 999999 999999 999999 999999 999999 999999 999999 999999 999999 999999 999999 999999 999999 999999 999999 999999 999999 999999 999999 999999 999999 999999 999999 999999 999999 999999 999999 999999 999999 999999 999999 999999 999999 999999 999999 999999 999999 999999 999999 999999 999999 999999 0 999999 999999 999999 
999999 999999 999999 999999 999999 999999 999999 999999 999999 999999 999999 999999 999999 999999 999999 999999 999999 999999 999999 999999 999999 999999 999999 999999 999999 999999 999999 999999 999999 999999 999999 999999 999999 999999 999999 999999 999999 999999 999999 999999 999999 999999 999999 999999 999999 999999 999999 999999 999999 999999 999999 999999 999999 999999 999999 999999 999999 999999 999999 999999 999999 999999 999999 999999 999999 999999 999999 999999 999999 999999 999999 999999 999999 999999 999999 999999 999999 999999 999999 999999 999999 999999 999999 999999 999999 999999 999999 999999 999999 999999 999999 999999 999999 999999 999999 999999 999999 0 999999 999999 
999999 999999 999999 999999 999999 999999 999999 999999 999999 999999 999999 999999 999999 999999 999999 999999 999999 999999 999999 999999 999999 999999 999999 999999 999999 999999 999999 999999 999999 999999 999999 999999 999999 999999 999999 999999 999999 999999 999999 999999 999999 999999 999999 999999 999999 999999 999999 999999 999999 999999 999999 999999 999999 999999 999999 999999 999999 999999 999999 999999 999999 999999 999999 999999 999999 999999 999999 999999 999999 999999 999999 999999 999999 999999 999999 999999 999999 999999 999999 999999 999999 999999 999999 999999 999999 999999 999999 999999 999999 999999 999999 999999 999999 999999 999999 999999 999999 999999 0 999999 
999999 999999 999999 999999 999999 999999 999999 999999 999999 999999 999999 999999 999999 999999 999999 999999 999999 999999 999999 999999 999999 999999 999999 999999 999999 999999 999999 999999 999999 999999 999999 999999 999999 999999 999999 999999 999999 999999 999999 999999 999999 999999 999999 999999 999999 999999 999999 999999 999999 999999 999999 999999 999999 999999 999999 999999 999999 999999 999999 999999 999999 999999 999999 999999 999999 999999 999999 999999 999999 999999 999999 999999 999999 999999 999999 999999 999999 999999 999999 999999 999999 999999 999999 999999 999999 999999 999999 999999 999999 999999 999999 999999 999999 999999 999999 999999 999999 999999 999999 0 
0.021673 